0 -9.716557502746582
0 13.54562759399414
0 -2.264737367630005
0 -5.643160343170166
0 -4.898577690124512
0 13.59325122833252
0 -12.079630851745605
0 -13.974390029907227
0 -3.023839235305786
0 -4.084311485290527
0 3.375880718231201
0 -4.833495140075684
0 -16.0179500579834
0 -1.8248777389526367
0 -11.837297439575195
0 -12.498870849609375
0 0.7114895582199097
0 -13.78247356414795
0 3.813795328140259
0 -1.6247860193252563
0 -12.236457824707031
0 -7.975246429443359
0 -3.1367900371551514
0 -14.468034744262695
0 -4.342977046966553
0 -3.9917044639587402
0 -9.668401718139648
0 -10.982898712158203
0 -9.879326820373535
0 -4.378028869628906
0 -10.606778144836426
0 -15.7452392578125
0 -12.724370002746582
0 -12.16918659210205
0 -8.321709632873535
0 -10.872052192687988
0 -5.618298530578613
0 -0.40289878845214844
0 0.7777936458587646
0 1.1329104900360107
0 -15.149504661560059
0 1.839957356452942
0 -6.923895835876465
0 -2.503235340118408
0 -0.12583929300308228
0 -9.277538299560547
0 -12.861863136291504
0 3.412980079650879
0 -12.180303573608398
0 -5.1962103843688965
0 -8.400938034057617
0 -9.872397422790527
0 -13.99976921081543
0 -14.990188598632813
0 -11.138039588928223
0 -14.908658027648926
0 -16.24873161315918
0 -11.78696346282959
0 -15.918895721435547
0 -9.087928771972656
0 -11.098166465759277
0 -6.6144938468933105
0 -3.3384475708007813
0 -10.99935531616211
0 -4.988008499145508
0 -8.110540390014648
0 2.339106559753418
0 3.152566909790039
0 -6.624068737030029
0 -4.8607330322265625
0 -1.6038552522659302
0 -15.61490535736084
0 15.174956321716309
0 -14.546306610107422
0 -9.069494247436523
0 -0.6573162078857422
0 -14.797436714172363
0 -0.8705247044563293
0 -14.433542251586914
0 -1.458781123161316
0 -12.257085800170898
0 -9.76049518585205
0 -14.205653190612793
0 -11.660576820373535
0 -10.61780071258545
0 10.908397674560547
0 -12.954985618591309
0 -0.9090768694877625
0 -12.110671997070313
0 -5.240086555480957
0 2.047811508178711
0 -13.073844909667969
0 -15.521316528320313
0 -4.767757892608643
0 -12.416604995727539
0 1.382259488105774
0 -14.698752403259277
0 -7.725354194641113
0 -4.063446521759033
0 -5.464942932128906
0 0.4574071168899536
0 -2.053077220916748
0 -7.115377902984619
0 -7.032835006713867
0 -11.589083671569824
0 -3.990553855895996
0 -0.796079158782959
0 -5.510980606079102
0 -14.993402481079102
0 -13.466458320617676
0 14.502503395080566
0 -8.791337966918945
0 -9.630701065063477
0 -1.7043296098709106
0 -7.2684645652771
0 -15.726670265197754
0 -7.362794399261475
0 -13.928475379943848
0 -2.6957833766937256
0 -14.801983833312988
0 -5.972876071929932
0 -16.59237289428711
0 -0.9963672757148743
1 -9.716557502746582
1 13.54562759399414
1 -2.264737367630005
1 -5.643160343170166
1 -4.898577690124512
1 13.59325122833252
1 -12.079630851745605
1 -13.974390029907227
1 -3.023839235305786
1 -4.084311485290527
1 3.375880718231201
1 -4.833495140075684
1 -16.0179500579834
1 -1.8248777389526367
1 -11.837297439575195
1 -12.498870849609375
1 0.7114895582199097
1 -13.78247356414795
1 3.813795328140259
1 -1.6247860193252563
1 -12.236457824707031
1 -7.975246429443359
1 -3.1367900371551514
1 -14.468034744262695
1 -4.342977046966553
1 -3.9917044639587402
1 -9.668401718139648
1 -10.982898712158203
1 -9.879326820373535
1 -4.378028869628906
1 -10.606778144836426
1 -15.7452392578125
1 -12.724370002746582
1 -12.16918659210205
1 -8.321709632873535
1 -5.618298530578613
1 -0.40289878845214844
1 0.7777936458587646
1 1.1329104900360107
1 -15.149504661560059
1 1.839957356452942
1 -6.923895835876465
1 -2.503235340118408
1 -0.12583929300308228
1 -9.277538299560547
1 -12.861863136291504
1 3.412980079650879
1 -16.826444625854492
1 -12.180303573608398
1 -5.1962103843688965
1 -8.400938034057617
1 -9.872397422790527
1 -13.99976921081543
1 -14.990188598632813
1 -11.138039588928223
1 -14.908658027648926
1 -16.24873161315918
1 -11.78696346282959
1 -15.918895721435547
1 -9.087928771972656
1 -11.098166465759277
1 -6.6144938468933105
1 -3.3384475708007813
1 -10.99935531616211
1 -4.988008499145508
1 -8.110540390014648
1 2.339106559753418
1 3.152566909790039
1 -6.624068737030029
1 -4.8607330322265625
1 -1.6038552522659302
1 -15.61490535736084
1 15.174956321716309
1 -14.546306610107422
1 -9.069494247436523
1 -0.6573162078857422
1 -14.797436714172363
1 -0.8705247044563293
1 -14.433542251586914
1 -1.458781123161316
1 -12.257085800170898
1 -9.76049518585205
1 -14.205653190612793
1 -11.660576820373535
1 -10.61780071258545
1 10.908397674560547
1 -12.954985618591309
1 -0.9090768694877625
1 -12.110671997070313
1 -5.240086555480957
1 2.047811508178711
1 15.269615173339844
1 -13.073844909667969
1 -15.521316528320313
1 -4.767757892608643
1 -12.416604995727539
1 1.382259488105774
1 -14.698752403259277
1 -7.725354194641113
1 -4.063446521759033
1 -5.464942932128906
1 0.4574071168899536
1 -2.053077220916748
1 -7.115377902984619
1 -7.032835006713867
1 -11.589083671569824
1 -3.990553855895996
1 -0.796079158782959
1 -5.510980606079102
1 -16.933507919311523
1 -14.993402481079102
1 -13.466458320617676
1 14.502503395080566
1 -8.791337966918945
1 -9.630701065063477
1 -1.7043296098709106
1 -7.2684645652771
1 -15.726670265197754
1 -7.362794399261475
1 -13.928475379943848
1 -2.6957833766937256
1 -14.801983833312988
1 -5.972876071929932
1 -16.941734313964844
1 -16.59237289428711
1 -0.9963672757148743
2 -9.716557502746582
2 13.54562759399414
2 -2.264737367630005
2 -5.643160343170166
2 -4.898577690124512
2 13.59325122833252
2 -12.079630851745605
2 -13.974390029907227
2 -3.023839235305786
2 -4.084311485290527
2 3.375880718231201
2 -4.833495140075684
2 -16.0179500579834
2 -1.8248777389526367
2 -11.837297439575195
2 -12.498870849609375
2 0.7114895582199097
2 -13.78247356414795
2 3.813795328140259
2 -1.6247860193252563
2 -12.236457824707031
2 -7.975246429443359
2 -3.1367900371551514
2 -14.468034744262695
2 -4.342977046966553
2 -3.9917044639587402
2 -9.668401718139648
2 -10.982898712158203
2 -9.879326820373535
2 -4.378028869628906
2 -10.606778144836426
2 -15.7452392578125
2 -12.724370002746582
2 -12.16918659210205
2 -8.321709632873535
2 -5.618298530578613
2 -0.40289878845214844
2 0.7777936458587646
2 1.1329104900360107
2 -15.149504661560059
2 1.839957356452942
2 -6.923895835876465
2 -2.503235340118408
2 -0.12583929300308228
2 -9.277538299560547
2 -12.861863136291504
2 3.412980079650879
2 -16.826444625854492
2 -12.180303573608398
2 -5.1962103843688965
2 -8.400938034057617
2 -9.872397422790527
2 -13.99976921081543
2 -14.990188598632813
2 -16.97357177734375
2 -11.138039588928223
2 -14.908658027648926
2 -11.78696346282959
2 -15.918895721435547
2 -9.087928771972656
2 -11.098166465759277
2 -6.6144938468933105
2 -3.3384475708007813
2 -10.99935531616211
2 -4.988008499145508
2 -8.110540390014648
2 2.339106559753418
2 3.152566909790039
2 -6.624068737030029
2 -4.8607330322265625
2 -1.6038552522659302
2 -15.61490535736084
2 15.174956321716309
2 -14.546306610107422
2 -9.069494247436523
2 -6.495571613311768
2 -0.6573162078857422
2 -14.797436714172363
2 -0.8705247044563293
2 -14.433542251586914
2 -1.458781123161316
2 -12.257085800170898
2 -9.76049518585205
2 -14.205653190612793
2 -11.660576820373535
2 -10.61780071258545
2 10.908397674560547
2 -12.954985618591309
2 -0.9090768694877625
2 -12.110671997070313
2 -5.240086555480957
2 2.047811508178711
2 15.269615173339844
2 -13.073844909667969
2 -15.521316528320313
2 -4.767757892608643
2 -12.416604995727539
2 1.382259488105774
2 -14.698752403259277
2 -7.725354194641113
2 -4.063446521759033
2 -5.464942932128906
2 0.4574071168899536
2 -2.053077220916748
2 -7.115377902984619
2 -7.032835006713867
2 -11.589083671569824
2 -3.990553855895996
2 -0.796079158782959
2 -5.510980606079102
2 -16.933507919311523
2 -14.993402481079102
2 -13.466458320617676
2 14.502503395080566
2 -8.791337966918945
2 -9.630701065063477
2 -1.7043296098709106
2 -7.2684645652771
2 -15.726670265197754
2 -7.362794399261475
2 -13.928475379943848
2 -14.801983833312988
2 -5.972876071929932
2 -16.941734313964844
2 -16.59237289428711
2 -0.9963672757148743
3 -9.716557502746582
3 13.54562759399414
3 -2.264737367630005
3 -5.643160343170166
3 -4.898577690124512
3 13.59325122833252
3 -12.079630851745605
3 -13.974390029907227
3 -3.023839235305786
3 -4.084311485290527
3 3.375880718231201
3 -4.833495140075684
3 -16.0179500579834
3 -1.8248777389526367
3 -11.837297439575195
3 -12.498870849609375
3 0.7114895582199097
3 -13.78247356414795
3 3.813795328140259
3 -1.6247860193252563
3 -12.236457824707031
3 -7.975246429443359
3 -3.1367900371551514
3 -14.468034744262695
3 -4.342977046966553
3 -3.9917044639587402
3 -9.668401718139648
3 -10.982898712158203
3 -9.879326820373535
3 -4.378028869628906
3 -10.606778144836426
3 -15.7452392578125
3 -12.724370002746582
3 -12.16918659210205
3 -8.321709632873535
3 -5.618298530578613
3 -0.40289878845214844
3 0.7777936458587646
3 1.1329104900360107
3 -15.149504661560059
3 1.839957356452942
3 -6.923895835876465
3 -2.503235340118408
3 -0.12583929300308228
3 -9.277538299560547
3 -12.861863136291504
3 3.412980079650879
3 -12.180303573608398
3 -5.1962103843688965
3 -8.400938034057617
3 -9.872397422790527
3 -13.99976921081543
3 -14.990188598632813
3 -11.138039588928223
3 -14.908658027648926
3 -16.24873161315918
3 -11.78696346282959
3 -15.918895721435547
3 -9.087928771972656
3 -11.098166465759277
3 -6.6144938468933105
3 -3.3384475708007813
3 -10.99935531616211
3 -4.988008499145508
3 -8.110540390014648
3 2.339106559753418
3 3.152566909790039
3 -6.624068737030029
3 -4.8607330322265625
3 -1.6038552522659302
3 -15.61490535736084
3 15.174956321716309
3 -14.546306610107422
3 -9.069494247436523
3 -0.6573162078857422
3 -14.797436714172363
3 -0.8705247044563293
3 -14.433542251586914
3 -1.458781123161316
3 -12.257085800170898
3 -9.76049518585205
3 -14.205653190612793
3 -11.660576820373535
3 -10.61780071258545
3 -12.954985618591309
3 -0.9090768694877625
3 -12.110671997070313
3 -5.240086555480957
3 2.047811508178711
3 15.269615173339844
3 -13.073844909667969
3 -15.521316528320313
3 -4.767757892608643
3 -12.416604995727539
3 1.382259488105774
3 -14.698752403259277
3 -7.725354194641113
3 -4.063446521759033
3 -5.464942932128906
3 -2.053077220916748
3 -7.115377902984619
3 -7.032835006713867
3 -11.589083671569824
3 -3.990553855895996
3 -5.510980606079102
3 -14.993402481079102
3 -13.466458320617676
3 14.502503395080566
3 -8.791337966918945
3 -9.630701065063477
3 -1.7043296098709106
3 -7.2684645652771
3 -15.726670265197754
3 -7.362794399261475
3 -13.928475379943848
3 -14.801983833312988
3 -5.972876071929932
3 -16.59237289428711
3 -0.9963672757148743
4 -9.716557502746582
4 13.54562759399414
4 -2.264737367630005
4 -5.643160343170166
4 -4.898577690124512
4 13.59325122833252
4 -12.079630851745605
4 -13.974390029907227
4 -3.023839235305786
4 -4.084311485290527
4 3.375880718231201
4 -4.833495140075684
4 -16.0179500579834
4 -1.8248777389526367
4 -11.837297439575195
4 -12.498870849609375
4 0.7114895582199097
4 -13.78247356414795
4 3.813795328140259
4 -1.6247860193252563
4 -12.236457824707031
4 -7.975246429443359
4 -3.1367900371551514
4 -14.468034744262695
4 -4.342977046966553
4 -3.9917044639587402
4 -9.668401718139648
4 -10.982898712158203
4 -9.879326820373535
4 -4.378028869628906
4 -10.606778144836426
4 -15.7452392578125
4 -12.724370002746582
4 -12.16918659210205
4 -8.321709632873535
4 -5.618298530578613
4 -0.40289878845214844
4 0.7777936458587646
4 1.1329104900360107
4 -15.149504661560059
4 1.839957356452942
4 -6.923895835876465
4 -2.503235340118408
4 -0.12583929300308228
4 -9.277538299560547
4 -12.861863136291504
4 3.412980079650879
4 -12.180303573608398
4 -5.1962103843688965
4 -8.400938034057617
4 -9.872397422790527
4 -13.99976921081543
4 -14.990188598632813
4 -11.138039588928223
4 -14.908658027648926
4 -16.24873161315918
4 -11.78696346282959
4 -15.918895721435547
4 -9.087928771972656
4 -11.098166465759277
4 -6.6144938468933105
4 -3.3384475708007813
4 -10.99935531616211
4 -4.988008499145508
4 -8.110540390014648
4 2.339106559753418
4 3.152566909790039
4 -6.624068737030029
4 -4.8607330322265625
4 -1.6038552522659302
4 -15.61490535736084
4 15.174956321716309
4 -14.546306610107422
4 -9.069494247436523
4 -6.495571613311768
4 -0.6573162078857422
4 -14.797436714172363
4 -0.8705247044563293
4 -14.433542251586914
4 -1.458781123161316
4 -12.257085800170898
4 -9.76049518585205
4 -14.205653190612793
4 -11.660576820373535
4 -10.61780071258545
4 10.908397674560547
4 -12.954985618591309
4 -0.9090768694877625
4 -12.110671997070313
4 -5.240086555480957
4 2.047811508178711
4 -13.073844909667969
4 -15.521316528320313
4 -4.767757892608643
4 -12.416604995727539
4 1.382259488105774
4 -14.698752403259277
4 -7.725354194641113
4 -4.063446521759033
4 -5.464942932128906
4 0.4574071168899536
4 -2.053077220916748
4 -7.115377902984619
4 -7.032835006713867
4 -11.589083671569824
4 -3.990553855895996
4 -0.796079158782959
4 -5.510980606079102
4 -14.993402481079102
4 -13.466458320617676
4 14.502503395080566
4 -8.791337966918945
4 -9.630701065063477
4 -1.7043296098709106
4 -7.2684645652771
4 -15.726670265197754
4 -7.362794399261475
4 -13.928475379943848
4 -2.6957833766937256
4 -14.801983833312988
4 -5.972876071929932
4 -16.59237289428711
4 -0.9963672757148743
5 -9.716557502746582
5 13.54562759399414
5 -2.264737367630005
5 -5.643160343170166
5 -4.898577690124512
5 13.59325122833252
5 -12.079630851745605
5 -13.974390029907227
5 -3.023839235305786
5 -4.084311485290527
5 3.375880718231201
5 -4.833495140075684
5 -16.0179500579834
5 -1.8248777389526367
5 -11.837297439575195
5 -12.498870849609375
5 0.7114895582199097
5 -13.78247356414795
5 3.813795328140259
5 -1.6247860193252563
5 -12.236457824707031
5 -7.975246429443359
5 -3.1367900371551514
5 -14.468034744262695
5 -4.342977046966553
5 -3.9917044639587402
5 -9.668401718139648
5 -10.982898712158203
5 -9.879326820373535
5 -4.378028869628906
5 -10.606778144836426
5 -15.7452392578125
5 -12.724370002746582
5 -12.16918659210205
5 -8.321709632873535
5 -5.618298530578613
5 -0.40289878845214844
5 0.7777936458587646
5 1.1329104900360107
5 -15.149504661560059
5 1.839957356452942
5 -6.923895835876465
5 -2.503235340118408
5 -0.12583929300308228
5 -9.277538299560547
5 -12.861863136291504
5 3.412980079650879
5 -16.826444625854492
5 -12.180303573608398
5 -5.1962103843688965
5 -8.400938034057617
5 -9.872397422790527
5 -13.99976921081543
5 -14.990188598632813
5 -11.138039588928223
5 -14.908658027648926
5 -16.24873161315918
5 -11.78696346282959
5 -15.918895721435547
5 -9.087928771972656
5 -11.098166465759277
5 -6.6144938468933105
5 -3.3384475708007813
5 -10.99935531616211
5 -4.988008499145508
5 -8.110540390014648
5 2.339106559753418
5 3.152566909790039
5 -6.624068737030029
5 -4.8607330322265625
5 -1.6038552522659302
5 -15.61490535736084
5 15.174956321716309
5 -14.546306610107422
5 -9.069494247436523
5 -6.495571613311768
5 -0.6573162078857422
5 -14.797436714172363
5 -0.8705247044563293
5 -14.433542251586914
5 -1.458781123161316
5 -12.257085800170898
5 -9.76049518585205
5 -14.205653190612793
5 -11.660576820373535
5 -10.61780071258545
5 10.908397674560547
5 -12.954985618591309
5 -0.9090768694877625
5 -12.110671997070313
5 -5.240086555480957
5 2.047811508178711
5 -13.073844909667969
5 -15.521316528320313
5 -4.767757892608643
5 -12.416604995727539
5 1.382259488105774
5 -14.698752403259277
5 -7.725354194641113
5 -4.063446521759033
5 -5.464942932128906
5 0.4574071168899536
5 -2.053077220916748
5 -7.115377902984619
5 -7.032835006713867
5 -11.589083671569824
5 -3.990553855895996
5 -0.796079158782959
5 -5.510980606079102
5 -14.993402481079102
5 -13.466458320617676
5 14.502503395080566
5 -8.791337966918945
5 -9.630701065063477
5 -1.7043296098709106
5 -7.2684645652771
5 -15.726670265197754
5 -7.362794399261475
5 -13.928475379943848
5 -14.801983833312988
5 -5.972876071929932
5 -16.59237289428711
5 -0.9963672757148743
6 -9.716557502746582
6 13.54562759399414
6 -2.264737367630005
6 -5.643160343170166
6 -4.898577690124512
6 13.59325122833252
6 -12.079630851745605
6 -13.974390029907227
6 -3.023839235305786
6 -4.084311485290527
6 3.375880718231201
6 -4.833495140075684
6 -16.0179500579834
6 -1.8248777389526367
6 -11.837297439575195
6 -12.498870849609375
6 0.7114895582199097
6 -13.78247356414795
6 3.813795328140259
6 -1.6247860193252563
6 -12.236457824707031
6 -7.975246429443359
6 -3.1367900371551514
6 -14.468034744262695
6 -4.342977046966553
6 -3.9917044639587402
6 -9.668401718139648
6 -10.982898712158203
6 -9.879326820373535
6 -4.378028869628906
6 -10.606778144836426
6 -15.7452392578125
6 -12.724370002746582
6 -12.16918659210205
6 -8.321709632873535
6 -5.618298530578613
6 -0.40289878845214844
6 0.7777936458587646
6 1.1329104900360107
6 -15.149504661560059
6 1.839957356452942
6 -6.923895835876465
6 -2.503235340118408
6 -0.12583929300308228
6 -9.277538299560547
6 -12.861863136291504
6 3.412980079650879
6 -16.826444625854492
6 -12.180303573608398
6 -5.1962103843688965
6 -8.400938034057617
6 -9.872397422790527
6 -13.99976921081543
6 -14.990188598632813
6 -16.97357177734375
6 -11.138039588928223
6 -14.908658027648926
6 -11.78696346282959
6 -15.918895721435547
6 -9.087928771972656
6 -11.098166465759277
6 -6.6144938468933105
6 -3.3384475708007813
6 -10.99935531616211
6 -4.988008499145508
6 -8.110540390014648
6 2.339106559753418
6 3.152566909790039
6 -6.624068737030029
6 -4.8607330322265625
6 -1.6038552522659302
6 -15.61490535736084
6 15.174956321716309
6 -14.546306610107422
6 -9.069494247436523
6 -6.495571613311768
6 -0.6573162078857422
6 -14.797436714172363
6 -0.8705247044563293
6 -14.433542251586914
6 -1.458781123161316
6 -12.257085800170898
6 -9.76049518585205
6 -14.205653190612793
6 -11.660576820373535
6 -10.61780071258545
6 10.908397674560547
6 -12.954985618591309
6 -0.9090768694877625
6 -17.05498504638672
6 -12.110671997070313
6 -5.240086555480957
6 2.047811508178711
6 15.269615173339844
6 -13.073844909667969
6 -15.521316528320313
6 -4.767757892608643
6 -12.416604995727539
6 1.382259488105774
6 -14.698752403259277
6 -7.725354194641113
6 -4.063446521759033
6 -5.464942932128906
6 0.4574071168899536
6 -2.053077220916748
6 -7.115377902984619
6 -7.032835006713867
6 -11.589083671569824
6 -3.990553855895996
6 -0.796079158782959
6 -5.510980606079102
6 -16.933507919311523
6 -14.993402481079102
6 -13.466458320617676
6 14.502503395080566
6 -8.791337966918945
6 -9.630701065063477
6 -1.7043296098709106
6 -7.2684645652771
6 -15.726670265197754
6 -7.362794399261475
6 -13.928475379943848
6 -14.801983833312988
6 -5.972876071929932
6 -16.941734313964844
6 -16.59237289428711
6 -0.9963672757148743
7 -9.716557502746582
7 13.54562759399414
7 -2.264737367630005
7 -5.643160343170166
7 -4.898577690124512
7 13.59325122833252
7 -12.079630851745605
7 -13.974390029907227
7 -3.023839235305786
7 -4.084311485290527
7 3.375880718231201
7 -4.833495140075684
7 -16.0179500579834
7 -1.8248777389526367
7 -11.837297439575195
7 -12.498870849609375
7 0.7114895582199097
7 -13.78247356414795
7 3.813795328140259
7 -1.6247860193252563
7 -12.236457824707031
7 -7.975246429443359
7 -3.1367900371551514
7 -14.468034744262695
7 -4.342977046966553
7 -3.9917044639587402
7 -9.668401718139648
7 -10.982898712158203
7 -9.879326820373535
7 -4.378028869628906
7 -10.606778144836426
7 -15.7452392578125
7 -12.724370002746582
7 -12.16918659210205
7 -8.321709632873535
7 -5.618298530578613
7 -0.40289878845214844
7 0.7777936458587646
7 1.1329104900360107
7 -15.149504661560059
7 1.839957356452942
7 -6.923895835876465
7 -2.503235340118408
7 -0.12583929300308228
7 -9.277538299560547
7 -12.861863136291504
7 3.412980079650879
7 -16.826444625854492
7 -12.180303573608398
7 -5.1962103843688965
7 -8.400938034057617
7 -9.872397422790527
7 -13.99976921081543
7 -14.990188598632813
7 -16.97357177734375
7 -11.138039588928223
7 -14.908658027648926
7 -16.24873161315918
7 -11.78696346282959
7 -15.918895721435547
7 -9.087928771972656
7 -11.098166465759277
7 -6.6144938468933105
7 -3.3384475708007813
7 -10.99935531616211
7 -4.988008499145508
7 -8.110540390014648
7 2.339106559753418
7 3.152566909790039
7 -6.624068737030029
7 -4.8607330322265625
7 -1.6038552522659302
7 -15.61490535736084
7 15.174956321716309
7 -14.546306610107422
7 -9.069494247436523
7 -6.495571613311768
7 -0.6573162078857422
7 -14.797436714172363
7 -0.8705247044563293
7 -14.433542251586914
7 -1.458781123161316
7 -12.257085800170898
7 -9.76049518585205
7 -14.205653190612793
7 -11.660576820373535
7 -10.61780071258545
7 -12.954985618591309
7 -0.9090768694877625
7 -12.110671997070313
7 -5.240086555480957
7 2.047811508178711
7 15.269615173339844
7 -13.073844909667969
7 -15.521316528320313
7 -4.767757892608643
7 -12.416604995727539
7 1.382259488105774
7 -14.698752403259277
7 -7.725354194641113
7 -4.063446521759033
7 -5.464942932128906
7 0.4574071168899536
7 -2.053077220916748
7 -7.115377902984619
7 -7.032835006713867
7 -11.589083671569824
7 -3.990553855895996
7 -0.796079158782959
7 -5.510980606079102
7 -16.933507919311523
7 -14.993402481079102
7 -13.466458320617676
7 14.502503395080566
7 -8.791337966918945
7 -9.630701065063477
7 -1.7043296098709106
7 -7.2684645652771
7 -15.726670265197754
7 -7.362794399261475
7 -13.928475379943848
7 -14.801983833312988
7 -5.972876071929932
7 -16.941734313964844
7 -16.59237289428711
7 -0.9963672757148743
8 -9.716557502746582
8 13.54562759399414
8 -2.264737367630005
8 -5.643160343170166
8 -4.898577690124512
8 13.59325122833252
8 -12.079630851745605
8 -13.974390029907227
8 -3.023839235305786
8 -4.084311485290527
8 3.375880718231201
8 -4.833495140075684
8 -16.0179500579834
8 -1.8248777389526367
8 -11.837297439575195
8 -12.498870849609375
8 0.7114895582199097
8 -13.78247356414795
8 3.813795328140259
8 -1.6247860193252563
8 -12.236457824707031
8 -7.975246429443359
8 -3.1367900371551514
8 -14.468034744262695
8 -4.342977046966553
8 -3.9917044639587402
8 -9.668401718139648
8 -10.982898712158203
8 -9.879326820373535
8 -4.378028869628906
8 -10.606778144836426
8 -15.7452392578125
8 -12.724370002746582
8 -12.16918659210205
8 -8.321709632873535
8 -5.618298530578613
8 -0.40289878845214844
8 0.7777936458587646
8 1.1329104900360107
8 -15.149504661560059
8 1.839957356452942
8 -6.923895835876465
8 -2.503235340118408
8 -0.12583929300308228
8 -9.277538299560547
8 -12.861863136291504
8 3.412980079650879
8 -16.826444625854492
8 -12.180303573608398
8 -5.1962103843688965
8 -8.400938034057617
8 -9.872397422790527
8 -13.99976921081543
8 -14.990188598632813
8 -16.97357177734375
8 -11.138039588928223
8 -14.908658027648926
8 -11.78696346282959
8 -15.918895721435547
8 -9.087928771972656
8 -11.098166465759277
8 -6.6144938468933105
8 -3.3384475708007813
8 -10.99935531616211
8 -4.988008499145508
8 -8.110540390014648
8 2.339106559753418
8 3.152566909790039
8 -6.624068737030029
8 -4.8607330322265625
8 -1.6038552522659302
8 -15.61490535736084
8 15.174956321716309
8 -14.546306610107422
8 -9.069494247436523
8 -6.495571613311768
8 -0.6573162078857422
8 -14.797436714172363
8 -0.8705247044563293
8 -14.433542251586914
8 -1.458781123161316
8 -12.257085800170898
8 -9.76049518585205
8 -14.205653190612793
8 -11.660576820373535
8 -10.61780071258545
8 10.908397674560547
8 -12.954985618591309
8 -0.9090768694877625
8 -17.05498504638672
8 -12.110671997070313
8 -5.240086555480957
8 2.047811508178711
8 15.269615173339844
8 -13.073844909667969
8 -15.521316528320313
8 -4.767757892608643
8 -12.416604995727539
8 1.382259488105774
8 -14.698752403259277
8 -7.725354194641113
8 -4.063446521759033
8 -5.464942932128906
8 0.4574071168899536
8 -2.053077220916748
8 -7.115377902984619
8 -7.032835006713867
8 -11.589083671569824
8 -3.990553855895996
8 -0.796079158782959
8 -5.510980606079102
8 -16.933507919311523
8 -14.993402481079102
8 -13.466458320617676
8 -17.098764419555664
8 14.502503395080566
8 -8.791337966918945
8 -9.630701065063477
8 -1.7043296098709106
8 -7.2684645652771
8 -15.726670265197754
8 -7.362794399261475
8 -13.928475379943848
8 -14.801983833312988
8 -5.972876071929932
8 -16.941734313964844
8 -16.59237289428711
8 -0.9963672757148743
9 -9.716557502746582
9 13.54562759399414
9 -2.264737367630005
9 -5.643160343170166
9 -4.898577690124512
9 13.59325122833252
9 -12.079630851745605
9 -13.974390029907227
9 -3.023839235305786
9 -4.084311485290527
9 3.375880718231201
9 -4.833495140075684
9 -16.0179500579834
9 -1.8248777389526367
9 -11.837297439575195
9 -12.498870849609375
9 0.7114895582199097
9 -13.78247356414795
9 3.813795328140259
9 -1.6247860193252563
9 -12.236457824707031
9 -7.975246429443359
9 -3.1367900371551514
9 -14.468034744262695
9 -4.342977046966553
9 -3.9917044639587402
9 -9.668401718139648
9 -10.982898712158203
9 -9.879326820373535
9 -4.378028869628906
9 -10.606778144836426
9 -15.7452392578125
9 -12.724370002746582
9 -12.16918659210205
9 -8.321709632873535
9 -5.618298530578613
9 -0.40289878845214844
9 0.7777936458587646
9 1.1329104900360107
9 -15.149504661560059
9 1.839957356452942
9 -6.923895835876465
9 -2.503235340118408
9 -0.12583929300308228
9 -9.277538299560547
9 -12.861863136291504
9 3.412980079650879
9 -12.180303573608398
9 -5.1962103843688965
9 -8.400938034057617
9 -9.872397422790527
9 -13.99976921081543
9 -14.990188598632813
9 -11.138039588928223
9 -14.908658027648926
9 -16.24873161315918
9 -11.78696346282959
9 -15.918895721435547
9 -9.087928771972656
9 -11.098166465759277
9 -6.6144938468933105
9 -3.3384475708007813
9 -10.99935531616211
9 -4.988008499145508
9 -8.110540390014648
9 2.339106559753418
9 3.152566909790039
9 -6.624068737030029
9 -4.8607330322265625
9 -1.6038552522659302
9 -15.61490535736084
9 15.174956321716309
9 -14.546306610107422
9 -9.069494247436523
9 -6.495571613311768
9 -0.6573162078857422
9 -14.797436714172363
9 -0.8705247044563293
9 -14.433542251586914
9 -1.458781123161316
9 -12.257085800170898
9 -9.76049518585205
9 -14.205653190612793
9 -11.660576820373535
9 -10.61780071258545
9 -12.954985618591309
9 -0.9090768694877625
9 -12.110671997070313
9 -5.240086555480957
9 2.047811508178711
9 -13.073844909667969
9 -15.521316528320313
9 -4.767757892608643
9 -12.416604995727539
9 1.382259488105774
9 -14.698752403259277
9 -7.725354194641113
9 -4.063446521759033
9 -5.464942932128906
9 0.4574071168899536
9 -2.053077220916748
9 -7.115377902984619
9 -7.032835006713867
9 -11.589083671569824
9 -3.990553855895996
9 -0.796079158782959
9 -5.510980606079102
9 -14.993402481079102
9 -13.466458320617676
9 14.502503395080566
9 -8.791337966918945
9 -9.630701065063477
9 -1.7043296098709106
9 -7.2684645652771
9 -15.726670265197754
9 -7.362794399261475
9 -13.928475379943848
9 -14.801983833312988
9 -5.972876071929932
9 -16.59237289428711
9 -0.9963672757148743
10 -9.716557502746582
10 13.54562759399414
10 -2.264737367630005
10 -5.643160343170166
10 -4.898577690124512
10 13.59325122833252
10 -12.079630851745605
10 -13.974390029907227
10 -3.023839235305786
10 -4.084311485290527
10 3.375880718231201
10 -4.833495140075684
10 -16.0179500579834
10 -1.8248777389526367
10 -11.837297439575195
10 -12.498870849609375
10 0.7114895582199097
10 -13.78247356414795
10 3.813795328140259
10 -1.6247860193252563
10 -12.236457824707031
10 -7.975246429443359
10 -3.1367900371551514
10 -14.468034744262695
10 -4.342977046966553
10 -3.9917044639587402
10 -10.982898712158203
10 -9.879326820373535
10 -4.378028869628906
10 -10.606778144836426
10 -15.7452392578125
10 -12.724370002746582
10 -12.16918659210205
10 -8.321709632873535
10 -5.618298530578613
10 -0.40289878845214844
10 0.7777936458587646
10 1.1329104900360107
10 -15.149504661560059
10 1.839957356452942
10 -6.923895835876465
10 -2.503235340118408
10 -0.12583929300308228
10 -9.277538299560547
10 -12.861863136291504
10 3.412980079650879
10 -12.180303573608398
10 -5.1962103843688965
10 -8.400938034057617
10 -9.872397422790527
10 -13.99976921081543
10 -14.990188598632813
10 -11.138039588928223
10 -14.908658027648926
10 -16.24873161315918
10 -11.78696346282959
10 -15.918895721435547
10 -9.087928771972656
10 -11.098166465759277
10 -6.6144938468933105
10 -3.3384475708007813
10 -10.99935531616211
10 -4.988008499145508
10 -8.110540390014648
10 2.339106559753418
10 3.152566909790039
10 -6.624068737030029
10 -4.8607330322265625
10 -1.6038552522659302
10 -15.61490535736084
10 15.174956321716309
10 -14.546306610107422
10 -9.069494247436523
10 -6.495571613311768
10 -0.6573162078857422
10 -14.797436714172363
10 -0.8705247044563293
10 -14.433542251586914
10 -1.458781123161316
10 -12.257085800170898
10 -9.76049518585205
10 -14.205653190612793
10 -11.660576820373535
10 -10.61780071258545
10 10.908397674560547
10 -12.954985618591309
10 -0.9090768694877625
10 -12.110671997070313
10 -5.240086555480957
10 2.047811508178711
10 -13.073844909667969
10 -15.521316528320313
10 -4.767757892608643
10 -12.416604995727539
10 1.382259488105774
10 -14.698752403259277
10 -7.725354194641113
10 -4.063446521759033
10 -5.464942932128906
10 0.4574071168899536
10 -2.053077220916748
10 -7.115377902984619
10 -7.032835006713867
10 -11.589083671569824
10 -3.990553855895996
10 -0.796079158782959
10 -5.510980606079102
10 -14.993402481079102
10 -13.466458320617676
10 14.502503395080566
10 -8.791337966918945
10 -9.630701065063477
10 -1.7043296098709106
10 -7.2684645652771
10 -15.726670265197754
10 -7.362794399261475
10 -13.928475379943848
10 -14.801983833312988
10 -5.972876071929932
10 -0.9963672757148743
11 -9.716557502746582
11 13.54562759399414
11 -2.264737367630005
11 -5.643160343170166
11 -4.898577690124512
11 13.59325122833252
11 -12.079630851745605
11 -13.974390029907227
11 -3.023839235305786
11 -4.084311485290527
11 3.375880718231201
11 -4.833495140075684
11 -16.0179500579834
11 -1.8248777389526367
11 -11.837297439575195
11 -12.498870849609375
11 0.7114895582199097
11 -13.78247356414795
11 3.813795328140259
11 -1.6247860193252563
11 -12.236457824707031
11 -7.975246429443359
11 -3.1367900371551514
11 -14.468034744262695
11 -4.342977046966553
11 -3.9917044639587402
11 -9.668401718139648
11 -10.982898712158203
11 -9.879326820373535
11 -4.378028869628906
11 -10.606778144836426
11 -15.7452392578125
11 -12.724370002746582
11 -12.16918659210205
11 -8.321709632873535
11 -5.618298530578613
11 -0.40289878845214844
11 0.7777936458587646
11 1.1329104900360107
11 -15.149504661560059
11 1.839957356452942
11 -6.923895835876465
11 -2.503235340118408
11 -0.12583929300308228
11 -9.277538299560547
11 -12.861863136291504
11 3.412980079650879
11 -12.180303573608398
11 -5.1962103843688965
11 -8.400938034057617
11 -9.872397422790527
11 -13.99976921081543
11 -14.990188598632813
11 -11.138039588928223
11 -14.908658027648926
11 -11.78696346282959
11 -15.918895721435547
11 -9.087928771972656
11 -11.098166465759277
11 -6.6144938468933105
11 -3.3384475708007813
11 -10.99935531616211
11 -4.988008499145508
11 -8.110540390014648
11 2.339106559753418
11 3.152566909790039
11 -6.624068737030029
11 -4.8607330322265625
11 -1.6038552522659302
11 -15.61490535736084
11 15.174956321716309
11 -14.546306610107422
11 -9.069494247436523
11 -6.495571613311768
11 -0.6573162078857422
11 -14.797436714172363
11 -0.8705247044563293
11 -14.433542251586914
11 -1.458781123161316
11 -12.257085800170898
11 -9.76049518585205
11 -14.205653190612793
11 -11.660576820373535
11 -10.61780071258545
11 -12.954985618591309
11 -0.9090768694877625
11 -12.110671997070313
11 -5.240086555480957
11 2.047811508178711
11 15.269615173339844
11 -13.073844909667969
11 -15.521316528320313
11 -4.767757892608643
11 -12.416604995727539
11 1.382259488105774
11 -14.698752403259277
11 -7.725354194641113
11 -4.063446521759033
11 -5.464942932128906
11 0.4574071168899536
11 -2.053077220916748
11 -7.115377902984619
11 -7.032835006713867
11 -11.589083671569824
11 -3.990553855895996
11 -0.796079158782959
11 -5.510980606079102
11 -14.993402481079102
11 -13.466458320617676
11 14.502503395080566
11 -8.791337966918945
11 -9.630701065063477
11 -1.7043296098709106
11 -7.2684645652771
11 -15.726670265197754
11 -7.362794399261475
11 -13.928475379943848
11 -14.801983833312988
11 -5.972876071929932
11 -16.59237289428711
11 -0.9963672757148743
12 -9.716557502746582
12 13.54562759399414
12 -2.264737367630005
12 -5.643160343170166
12 -4.898577690124512
12 13.59325122833252
12 -12.079630851745605
12 -13.974390029907227
12 -3.023839235305786
12 -4.084311485290527
12 3.375880718231201
12 -4.833495140075684
12 -16.0179500579834
12 -1.8248777389526367
12 -11.837297439575195
12 -12.498870849609375
12 0.7114895582199097
12 -13.78247356414795
12 3.813795328140259
12 -1.6247860193252563
12 -12.236457824707031
12 -7.975246429443359
12 -3.1367900371551514
12 -14.468034744262695
12 -4.342977046966553
12 -3.9917044639587402
12 -10.982898712158203
12 -9.879326820373535
12 -4.378028869628906
12 -10.606778144836426
12 -15.7452392578125
12 -12.724370002746582
12 -12.16918659210205
12 -8.321709632873535
12 -5.618298530578613
12 -0.40289878845214844
12 0.7777936458587646
12 1.1329104900360107
12 -15.149504661560059
12 1.839957356452942
12 -6.923895835876465
12 -2.503235340118408
12 -0.12583929300308228
12 -9.277538299560547
12 -12.861863136291504
12 3.412980079650879
12 -12.180303573608398
12 -5.1962103843688965
12 -8.400938034057617
12 -9.872397422790527
12 -13.99976921081543
12 -14.990188598632813
12 -11.138039588928223
12 -14.908658027648926
12 -11.78696346282959
12 -15.918895721435547
12 -9.087928771972656
12 -11.098166465759277
12 -6.6144938468933105
12 -3.3384475708007813
12 -10.99935531616211
12 -4.988008499145508
12 -8.110540390014648
12 2.339106559753418
12 3.152566909790039
12 -6.624068737030029
12 -4.8607330322265625
12 -1.6038552522659302
12 -15.61490535736084
12 15.174956321716309
12 -14.546306610107422
12 -9.069494247436523
12 -6.495571613311768
12 -0.6573162078857422
12 -14.797436714172363
12 -0.8705247044563293
12 -14.433542251586914
12 -1.458781123161316
12 -12.257085800170898
12 -9.76049518585205
12 -14.205653190612793
12 -11.660576820373535
12 -10.61780071258545
12 -12.954985618591309
12 -0.9090768694877625
12 -12.110671997070313
12 -5.240086555480957
12 2.047811508178711
12 15.269615173339844
12 -13.073844909667969
12 -15.521316528320313
12 -4.767757892608643
12 -12.416604995727539
12 1.382259488105774
12 -14.698752403259277
12 -7.725354194641113
12 -4.063446521759033
12 -5.464942932128906
12 0.4574071168899536
12 -2.053077220916748
12 -7.115377902984619
12 -7.032835006713867
12 -11.589083671569824
12 -3.990553855895996
12 -0.796079158782959
12 -5.510980606079102
12 -14.993402481079102
12 -13.466458320617676
12 14.502503395080566
12 -8.791337966918945
12 -9.630701065063477
12 -1.7043296098709106
12 -7.2684645652771
12 -15.726670265197754
12 -7.362794399261475
12 -13.928475379943848
12 -14.801983833312988
12 -5.972876071929932
12 -16.59237289428711
12 -0.9963672757148743
13 -9.716557502746582
13 -2.264737367630005
13 -5.643160343170166
13 -4.898577690124512
13 13.59325122833252
13 -12.079630851745605
13 -13.974390029907227
13 -3.023839235305786
13 -4.084311485290527
13 3.375880718231201
13 -4.833495140075684
13 -16.0179500579834
13 -1.8248777389526367
13 -11.837297439575195
13 -12.498870849609375
13 0.7114895582199097
13 -13.78247356414795
13 3.813795328140259
13 -1.6247860193252563
13 -12.236457824707031
13 -7.975246429443359
13 -3.1367900371551514
13 -14.468034744262695
13 -4.342977046966553
13 -3.9917044639587402
13 -10.982898712158203
13 -9.879326820373535
13 -4.378028869628906
13 -10.606778144836426
13 -15.7452392578125
13 -12.724370002746582
13 -12.16918659210205
13 -8.321709632873535
13 -5.618298530578613
13 -0.40289878845214844
13 0.7777936458587646
13 1.1329104900360107
13 -15.149504661560059
13 1.839957356452942
13 -6.923895835876465
13 -2.503235340118408
13 -0.12583929300308228
13 -9.277538299560547
13 -12.861863136291504
13 3.412980079650879
13 -16.826444625854492
13 -12.180303573608398
13 -5.1962103843688965
13 -8.400938034057617
13 -9.872397422790527
13 -13.99976921081543
13 -14.990188598632813
13 -11.138039588928223
13 -14.908658027648926
13 -16.24873161315918
13 -11.78696346282959
13 -15.918895721435547
13 -9.087928771972656
13 -11.098166465759277
13 -6.6144938468933105
13 -3.3384475708007813
13 -10.99935531616211
13 -4.988008499145508
13 -8.110540390014648
13 2.339106559753418
13 3.152566909790039
13 -6.624068737030029
13 -4.8607330322265625
13 -1.6038552522659302
13 -15.61490535736084
13 15.174956321716309
13 -14.546306610107422
13 -9.069494247436523
13 -6.495571613311768
13 -0.6573162078857422
13 -14.797436714172363
13 -0.8705247044563293
13 -14.433542251586914
13 -1.458781123161316
13 -12.257085800170898
13 -9.76049518585205
13 -14.205653190612793
13 -11.660576820373535
13 -10.61780071258545
13 -12.954985618591309
13 -0.9090768694877625
13 -12.110671997070313
13 -5.240086555480957
13 2.047811508178711
13 -13.073844909667969
13 -15.521316528320313
13 -4.767757892608643
13 -12.416604995727539
13 1.382259488105774
13 -14.698752403259277
13 -7.725354194641113
13 -4.063446521759033
13 -5.464942932128906
13 0.4574071168899536
13 -2.053077220916748
13 -7.115377902984619
13 -7.032835006713867
13 -11.589083671569824
13 -3.990553855895996
13 -0.796079158782959
13 -5.510980606079102
13 -14.993402481079102
13 -13.466458320617676
13 14.502503395080566
13 -8.791337966918945
13 -9.630701065063477
13 -1.7043296098709106
13 -7.2684645652771
13 -15.726670265197754
13 -7.362794399261475
13 -13.928475379943848
13 -14.801983833312988
13 -5.972876071929932
13 -16.59237289428711
13 -0.9963672757148743
14 -9.716557502746582
14 13.54562759399414
14 -2.264737367630005
14 -5.643160343170166
14 -4.898577690124512
14 13.59325122833252
14 -12.079630851745605
14 -13.974390029907227
14 -3.023839235305786
14 -4.084311485290527
14 3.375880718231201
14 -4.833495140075684
14 -16.0179500579834
14 -1.8248777389526367
14 -11.837297439575195
14 -12.498870849609375
14 0.7114895582199097
14 -13.78247356414795
14 3.813795328140259
14 -1.6247860193252563
14 -12.236457824707031
14 -7.975246429443359
14 -3.1367900371551514
14 -14.468034744262695
14 -4.342977046966553
14 -3.9917044639587402
14 -9.668401718139648
14 -10.982898712158203
14 -9.879326820373535
14 -4.378028869628906
14 -10.606778144836426
14 -15.7452392578125
14 -12.724370002746582
14 -12.16918659210205
14 -8.321709632873535
14 -5.618298530578613
14 -0.40289878845214844
14 0.7777936458587646
14 1.1329104900360107
14 -15.149504661560059
14 1.839957356452942
14 -6.923895835876465
14 -2.503235340118408
14 -0.12583929300308228
14 -9.277538299560547
14 -12.861863136291504
14 3.412980079650879
14 -12.180303573608398
14 -5.1962103843688965
14 -8.400938034057617
14 -9.872397422790527
14 -13.99976921081543
14 -14.990188598632813
14 -11.138039588928223
14 -14.908658027648926
14 -16.24873161315918
14 -11.78696346282959
14 -15.918895721435547
14 -9.087928771972656
14 -11.098166465759277
14 -6.6144938468933105
14 -3.3384475708007813
14 -10.99935531616211
14 -4.988008499145508
14 -8.110540390014648
14 2.339106559753418
14 3.152566909790039
14 -6.624068737030029
14 -4.8607330322265625
14 -1.6038552522659302
14 -15.61490535736084
14 15.174956321716309
14 -14.546306610107422
14 -9.069494247436523
14 -6.495571613311768
14 -0.6573162078857422
14 -14.797436714172363
14 -0.8705247044563293
14 -14.433542251586914
14 -1.458781123161316
14 -12.257085800170898
14 -9.76049518585205
14 -14.205653190612793
14 -11.660576820373535
14 -10.61780071258545
14 10.908397674560547
14 -12.954985618591309
14 -0.9090768694877625
14 -12.110671997070313
14 -5.240086555480957
14 2.047811508178711
14 -13.073844909667969
14 -15.521316528320313
14 -4.767757892608643
14 -12.416604995727539
14 1.382259488105774
14 -14.698752403259277
14 -7.725354194641113
14 -4.063446521759033
14 -5.464942932128906
14 0.4574071168899536
14 -2.053077220916748
14 -7.115377902984619
14 -7.032835006713867
14 -11.589083671569824
14 -3.990553855895996
14 -0.796079158782959
14 -5.510980606079102
14 -14.993402481079102
14 -13.466458320617676
14 14.502503395080566
14 -8.791337966918945
14 -9.630701065063477
14 -1.7043296098709106
14 -7.2684645652771
14 -15.726670265197754
14 -7.362794399261475
14 -13.928475379943848
14 -2.6957833766937256
14 -14.801983833312988
14 -5.972876071929932
14 -0.9963672757148743
15 -9.716557502746582
15 13.54562759399414
15 -2.264737367630005
15 -5.643160343170166
15 -4.898577690124512
15 13.59325122833252
15 -12.079630851745605
15 -13.974390029907227
15 -3.023839235305786
15 -4.084311485290527
15 3.375880718231201
15 -4.833495140075684
15 -16.0179500579834
15 -1.8248777389526367
15 -11.837297439575195
15 -12.498870849609375
15 0.7114895582199097
15 -13.78247356414795
15 3.813795328140259
15 -1.6247860193252563
15 -12.236457824707031
15 -7.975246429443359
15 -3.1367900371551514
15 -14.468034744262695
15 -4.342977046966553
15 -3.9917044639587402
15 -9.668401718139648
15 -10.982898712158203
15 -9.879326820373535
15 -4.378028869628906
15 -10.606778144836426
15 -15.7452392578125
15 -12.724370002746582
15 -12.16918659210205
15 -8.321709632873535
15 -5.618298530578613
15 -0.40289878845214844
15 0.7777936458587646
15 1.1329104900360107
15 -15.149504661560059
15 1.839957356452942
15 -6.923895835876465
15 -2.503235340118408
15 -0.12583929300308228
15 -9.277538299560547
15 -12.861863136291504
15 3.412980079650879
15 -12.180303573608398
15 -5.1962103843688965
15 -8.400938034057617
15 -9.872397422790527
15 -13.99976921081543
15 -14.990188598632813
15 -11.138039588928223
15 -14.908658027648926
15 -16.24873161315918
15 -11.78696346282959
15 -15.918895721435547
15 -9.087928771972656
15 -11.098166465759277
15 -6.6144938468933105
15 -3.3384475708007813
15 -10.99935531616211
15 -4.988008499145508
15 -8.110540390014648
15 2.339106559753418
15 3.152566909790039
15 -6.624068737030029
15 -4.8607330322265625
15 -1.6038552522659302
15 -15.61490535736084
15 15.174956321716309
15 -14.546306610107422
15 -9.069494247436523
15 -6.495571613311768
15 -0.6573162078857422
15 -14.797436714172363
15 -0.8705247044563293
15 -14.433542251586914
15 -1.458781123161316
15 -12.257085800170898
15 -9.76049518585205
15 -14.205653190612793
15 -11.660576820373535
15 -10.61780071258545
15 -12.954985618591309
15 -0.9090768694877625
15 -12.110671997070313
15 -5.240086555480957
15 2.047811508178711
15 -13.073844909667969
15 -15.521316528320313
15 -4.767757892608643
15 -12.416604995727539
15 1.382259488105774
15 -14.698752403259277
15 -7.725354194641113
15 -4.063446521759033
15 -5.464942932128906
15 0.4574071168899536
15 -2.053077220916748
15 -7.115377902984619
15 -7.032835006713867
15 -11.589083671569824
15 -3.990553855895996
15 -0.796079158782959
15 -5.510980606079102
15 -14.993402481079102
15 -13.466458320617676
15 14.502503395080566
15 -8.791337966918945
15 -9.630701065063477
15 -1.7043296098709106
15 -7.2684645652771
15 -15.726670265197754
15 -7.362794399261475
15 -13.928475379943848
15 -14.801983833312988
15 -5.972876071929932
15 -0.9963672757148743
16 -9.716557502746582
16 13.54562759399414
16 -2.264737367630005
16 -5.643160343170166
16 -4.898577690124512
16 13.59325122833252
16 -12.079630851745605
16 -13.974390029907227
16 -3.023839235305786
16 -4.084311485290527
16 3.375880718231201
16 -4.833495140075684
16 -16.0179500579834
16 -1.8248777389526367
16 -11.837297439575195
16 -12.498870849609375
16 0.7114895582199097
16 -13.78247356414795
16 3.813795328140259
16 -1.6247860193252563
16 -12.236457824707031
16 -7.975246429443359
16 -3.1367900371551514
16 -14.468034744262695
16 -4.342977046966553
16 -3.9917044639587402
16 -9.668401718139648
16 -10.982898712158203
16 -9.879326820373535
16 -4.378028869628906
16 -10.606778144836426
16 -15.7452392578125
16 -12.724370002746582
16 -12.16918659210205
16 -8.321709632873535
16 -5.618298530578613
16 -0.40289878845214844
16 0.7777936458587646
16 1.1329104900360107
16 -15.149504661560059
16 1.839957356452942
16 -6.923895835876465
16 -2.503235340118408
16 -0.12583929300308228
16 -9.277538299560547
16 -12.861863136291504
16 3.412980079650879
16 -12.180303573608398
16 -5.1962103843688965
16 -8.400938034057617
16 -9.872397422790527
16 -13.99976921081543
16 -14.990188598632813
16 -11.138039588928223
16 -14.908658027648926
16 -16.24873161315918
16 -11.78696346282959
16 -15.918895721435547
16 -9.087928771972656
16 -11.098166465759277
16 -6.6144938468933105
16 -3.3384475708007813
16 -10.99935531616211
16 -4.988008499145508
16 -8.110540390014648
16 2.339106559753418
16 3.152566909790039
16 -6.624068737030029
16 -4.8607330322265625
16 -1.6038552522659302
16 -15.61490535736084
16 15.174956321716309
16 -14.546306610107422
16 -9.069494247436523
16 -6.495571613311768
16 -0.6573162078857422
16 -14.797436714172363
16 -0.8705247044563293
16 -14.433542251586914
16 -1.458781123161316
16 -12.257085800170898
16 -9.76049518585205
16 -14.205653190612793
16 -11.660576820373535
16 -10.61780071258545
16 10.908397674560547
16 -12.954985618591309
16 -0.9090768694877625
16 -12.110671997070313
16 -5.240086555480957
16 2.047811508178711
16 15.269615173339844
16 -13.073844909667969
16 -15.521316528320313
16 -4.767757892608643
16 -12.416604995727539
16 1.382259488105774
16 -14.698752403259277
16 -7.725354194641113
16 -4.063446521759033
16 -5.464942932128906
16 0.4574071168899536
16 -2.053077220916748
16 -7.115377902984619
16 -7.032835006713867
16 -11.589083671569824
16 -3.990553855895996
16 -0.796079158782959
16 -5.510980606079102
16 -14.993402481079102
16 -13.466458320617676
16 14.502503395080566
16 -8.791337966918945
16 -9.630701065063477
16 -1.7043296098709106
16 -7.2684645652771
16 -15.726670265197754
16 -7.362794399261475
16 -13.928475379943848
16 -14.801983833312988
16 -5.972876071929932
16 -16.59237289428711
16 -0.9963672757148743
17 -9.716557502746582
17 13.54562759399414
17 -2.264737367630005
17 -5.643160343170166
17 -4.898577690124512
17 13.59325122833252
17 -12.079630851745605
17 -13.974390029907227
17 -3.023839235305786
17 -4.084311485290527
17 3.375880718231201
17 -4.833495140075684
17 -16.0179500579834
17 -1.8248777389526367
17 -11.837297439575195
17 -12.498870849609375
17 0.7114895582199097
17 -13.78247356414795
17 3.813795328140259
17 -1.6247860193252563
17 -12.236457824707031
17 -7.975246429443359
17 -3.1367900371551514
17 -14.468034744262695
17 -4.342977046966553
17 -3.9917044639587402
17 -9.668401718139648
17 -10.982898712158203
17 -9.879326820373535
17 -4.378028869628906
17 -10.606778144836426
17 -15.7452392578125
17 -12.724370002746582
17 -12.16918659210205
17 -8.321709632873535
17 -5.618298530578613
17 -0.40289878845214844
17 0.7777936458587646
17 1.1329104900360107
17 -15.149504661560059
17 1.839957356452942
17 -6.923895835876465
17 -2.503235340118408
17 -0.12583929300308228
17 -9.277538299560547
17 -12.861863136291504
17 3.412980079650879
17 -12.180303573608398
17 -5.1962103843688965
17 -8.400938034057617
17 -9.872397422790527
17 -13.99976921081543
17 -14.990188598632813
17 -11.138039588928223
17 -14.908658027648926
17 -11.78696346282959
17 -15.918895721435547
17 -9.087928771972656
17 -11.098166465759277
17 -6.6144938468933105
17 -3.3384475708007813
17 -10.99935531616211
17 -4.988008499145508
17 -8.110540390014648
17 2.339106559753418
17 3.152566909790039
17 -6.624068737030029
17 -4.8607330322265625
17 -1.6038552522659302
17 -15.61490535736084
17 15.174956321716309
17 -14.546306610107422
17 -9.069494247436523
17 -6.495571613311768
17 -0.6573162078857422
17 -14.797436714172363
17 -0.8705247044563293
17 -14.433542251586914
17 -1.458781123161316
17 -3.577141284942627
17 -12.257085800170898
17 -9.76049518585205
17 -14.205653190612793
17 -11.660576820373535
17 -10.61780071258545
17 -12.954985618591309
17 -0.9090768694877625
17 -12.110671997070313
17 -5.240086555480957
17 2.047811508178711
17 -13.073844909667969
17 -15.521316528320313
17 -4.767757892608643
17 -12.416604995727539
17 1.382259488105774
17 -14.698752403259277
17 -7.725354194641113
17 -4.063446521759033
17 -5.464942932128906
17 0.4574071168899536
17 -2.053077220916748
17 -7.115377902984619
17 -7.032835006713867
17 -11.589083671569824
17 -3.990553855895996
17 -0.796079158782959
17 -5.510980606079102
17 -14.993402481079102
17 -13.466458320617676
17 14.502503395080566
17 -8.791337966918945
17 -9.630701065063477
17 -1.7043296098709106
17 -7.2684645652771
17 -15.726670265197754
17 -7.362794399261475
17 -13.928475379943848
17 -2.6957833766937256
17 -14.801983833312988
17 -5.972876071929932
17 -0.9963672757148743
18 -9.716557502746582
18 -2.264737367630005
18 -5.643160343170166
18 -4.898577690124512
18 13.59325122833252
18 -12.079630851745605
18 -13.974390029907227
18 -3.023839235305786
18 -4.084311485290527
18 3.375880718231201
18 -4.833495140075684
18 -16.0179500579834
18 -1.8248777389526367
18 -11.837297439575195
18 -12.498870849609375
18 0.7114895582199097
18 -13.78247356414795
18 3.813795328140259
18 -1.6247860193252563
18 -12.236457824707031
18 -7.975246429443359
18 -3.1367900371551514
18 -14.468034744262695
18 -4.342977046966553
18 -3.9917044639587402
18 -9.668401718139648
18 -10.982898712158203
18 -9.879326820373535
18 -4.378028869628906
18 -10.606778144836426
18 -15.7452392578125
18 -12.724370002746582
18 -12.16918659210205
18 -8.321709632873535
18 -5.618298530578613
18 -0.40289878845214844
18 0.7777936458587646
18 1.1329104900360107
18 -15.149504661560059
18 1.839957356452942
18 -6.923895835876465
18 -2.503235340118408
18 -0.12583929300308228
18 -9.277538299560547
18 -12.861863136291504
18 3.412980079650879
18 -12.180303573608398
18 -5.1962103843688965
18 -8.400938034057617
18 -9.872397422790527
18 -13.99976921081543
18 -14.990188598632813
18 -11.138039588928223
18 -14.908658027648926
18 -11.78696346282959
18 -15.918895721435547
18 -9.087928771972656
18 -11.098166465759277
18 -6.6144938468933105
18 -3.3384475708007813
18 -10.99935531616211
18 -4.988008499145508
18 -8.110540390014648
18 2.339106559753418
18 3.152566909790039
18 -6.624068737030029
18 -4.8607330322265625
18 -1.6038552522659302
18 -15.61490535736084
18 15.174956321716309
18 -14.546306610107422
18 -9.069494247436523
18 -6.495571613311768
18 -0.6573162078857422
18 -14.797436714172363
18 -0.8705247044563293
18 -14.433542251586914
18 -1.458781123161316
18 -3.577141284942627
18 -12.257085800170898
18 -9.76049518585205
18 -14.205653190612793
18 -11.660576820373535
18 -10.61780071258545
18 -12.954985618591309
18 -0.9090768694877625
18 -12.110671997070313
18 -5.240086555480957
18 2.047811508178711
18 -13.073844909667969
18 -15.521316528320313
18 -4.767757892608643
18 -12.416604995727539
18 1.382259488105774
18 -14.698752403259277
18 -7.725354194641113
18 -4.063446521759033
18 -5.464942932128906
18 0.4574071168899536
18 -2.053077220916748
18 -7.115377902984619
18 -7.032835006713867
18 -11.589083671569824
18 -3.990553855895996
18 -0.796079158782959
18 -5.510980606079102
18 -14.993402481079102
18 -13.466458320617676
18 14.502503395080566
18 -8.791337966918945
18 -9.630701065063477
18 -1.7043296098709106
18 -7.2684645652771
18 -15.726670265197754
18 -7.362794399261475
18 -13.928475379943848
18 -14.801983833312988
18 -5.972876071929932
18 -0.9963672757148743
19 -9.716557502746582
19 13.54562759399414
19 -2.264737367630005
19 -5.643160343170166
19 -4.898577690124512
19 13.59325122833252
19 -12.079630851745605
19 -13.974390029907227
19 -3.023839235305786
19 -4.084311485290527
19 3.375880718231201
19 -4.833495140075684
19 -16.0179500579834
19 -1.8248777389526367
19 -11.837297439575195
19 -12.498870849609375
19 0.7114895582199097
19 -13.78247356414795
19 3.813795328140259
19 -1.6247860193252563
19 -12.236457824707031
19 -7.975246429443359
19 -3.1367900371551514
19 -14.468034744262695
19 -4.342977046966553
19 -3.9917044639587402
19 -9.668401718139648
19 -10.982898712158203
19 -9.879326820373535
19 -4.378028869628906
19 -10.606778144836426
19 -15.7452392578125
19 -12.724370002746582
19 -12.16918659210205
19 -8.321709632873535
19 -5.618298530578613
19 -0.40289878845214844
19 0.7777936458587646
19 1.1329104900360107
19 -15.149504661560059
19 1.839957356452942
19 -6.923895835876465
19 -2.503235340118408
19 -0.12583929300308228
19 -9.277538299560547
19 -12.861863136291504
19 3.412980079650879
19 -12.180303573608398
19 -5.1962103843688965
19 -8.400938034057617
19 -9.872397422790527
19 -13.99976921081543
19 -14.990188598632813
19 -11.138039588928223
19 -14.908658027648926
19 -11.78696346282959
19 -15.918895721435547
19 -9.087928771972656
19 -11.098166465759277
19 -6.6144938468933105
19 -3.3384475708007813
19 -10.99935531616211
19 -4.988008499145508
19 -8.110540390014648
19 2.339106559753418
19 3.152566909790039
19 -6.624068737030029
19 -4.8607330322265625
19 -1.6038552522659302
19 -15.61490535736084
19 15.174956321716309
19 -14.546306610107422
19 -9.069494247436523
19 -6.495571613311768
19 -0.6573162078857422
19 -14.797436714172363
19 -0.8705247044563293
19 -14.433542251586914
19 -1.458781123161316
19 -12.257085800170898
19 -9.76049518585205
19 -14.205653190612793
19 -11.660576820373535
19 -10.61780071258545
19 10.908397674560547
19 -12.954985618591309
19 -0.9090768694877625
19 -12.110671997070313
19 -5.240086555480957
19 2.047811508178711
19 15.269615173339844
19 -13.073844909667969
19 -15.521316528320313
19 -4.767757892608643
19 -12.416604995727539
19 1.382259488105774
19 -14.698752403259277
19 -7.725354194641113
19 -4.063446521759033
19 -5.464942932128906
19 0.4574071168899536
19 -2.053077220916748
19 -7.115377902984619
19 -7.032835006713867
19 -11.589083671569824
19 -3.990553855895996
19 -0.796079158782959
19 -5.510980606079102
19 -14.993402481079102
19 -13.466458320617676
19 14.502503395080566
19 -8.791337966918945
19 -9.630701065063477
19 -1.7043296098709106
19 -7.2684645652771
19 -15.726670265197754
19 -7.362794399261475
19 -13.928475379943848
19 -14.801983833312988
19 -5.972876071929932
19 -0.9963672757148743
20 -9.716557502746582
20 13.54562759399414
20 -2.264737367630005
20 -5.643160343170166
20 -4.898577690124512
20 13.59325122833252
20 -12.079630851745605
20 -13.974390029907227
20 -3.023839235305786
20 -4.084311485290527
20 3.375880718231201
20 -4.833495140075684
20 -16.0179500579834
20 -1.8248777389526367
20 -11.837297439575195
20 -12.498870849609375
20 0.7114895582199097
20 -13.78247356414795
20 3.813795328140259
20 -1.6247860193252563
20 -12.236457824707031
20 -7.975246429443359
20 -3.1367900371551514
20 -14.468034744262695
20 -4.342977046966553
20 -3.9917044639587402
20 -9.668401718139648
20 -10.982898712158203
20 -9.879326820373535
20 -4.378028869628906
20 -10.606778144836426
20 -15.7452392578125
20 -12.724370002746582
20 -12.16918659210205
20 -8.321709632873535
20 -5.618298530578613
20 -0.40289878845214844
20 0.7777936458587646
20 1.1329104900360107
20 -15.149504661560059
20 1.839957356452942
20 -6.923895835876465
20 -2.503235340118408
20 -0.12583929300308228
20 -9.277538299560547
20 -12.861863136291504
20 3.412980079650879
20 -12.180303573608398
20 -5.1962103843688965
20 -8.400938034057617
20 -9.872397422790527
20 -13.99976921081543
20 -14.990188598632813
20 -11.138039588928223
20 -14.908658027648926
20 -16.24873161315918
20 -11.78696346282959
20 -15.918895721435547
20 -9.087928771972656
20 -11.098166465759277
20 -6.6144938468933105
20 -3.3384475708007813
20 -10.99935531616211
20 -4.988008499145508
20 -8.110540390014648
20 2.339106559753418
20 3.152566909790039
20 -6.624068737030029
20 -4.8607330322265625
20 -1.6038552522659302
20 -15.61490535736084
20 15.174956321716309
20 -14.546306610107422
20 -9.069494247436523
20 -6.495571613311768
20 -0.6573162078857422
20 -14.797436714172363
20 -0.8705247044563293
20 -14.433542251586914
20 -1.458781123161316
20 -12.257085800170898
20 -9.76049518585205
20 -14.205653190612793
20 -11.660576820373535
20 -10.61780071258545
20 10.908397674560547
20 -12.954985618591309
20 -0.9090768694877625
20 -12.110671997070313
20 -5.240086555480957
20 2.047811508178711
20 15.269615173339844
20 -13.073844909667969
20 -15.521316528320313
20 -4.767757892608643
20 -12.416604995727539
20 1.382259488105774
20 -14.698752403259277
20 -7.725354194641113
20 -4.063446521759033
20 -5.464942932128906
20 0.4574071168899536
20 -2.053077220916748
20 -7.115377902984619
20 -7.032835006713867
20 -11.589083671569824
20 -3.990553855895996
20 -0.796079158782959
20 -5.510980606079102
20 -14.993402481079102
20 -13.466458320617676
20 14.502503395080566
20 -8.791337966918945
20 -9.630701065063477
20 -1.7043296098709106
20 -7.2684645652771
20 -15.726670265197754
20 -7.362794399261475
20 -13.928475379943848
20 -2.6957833766937256
20 -14.801983833312988
20 -5.972876071929932
20 -0.9963672757148743
21 -9.716557502746582
21 -2.264737367630005
21 -5.643160343170166
21 -4.898577690124512
21 13.59325122833252
21 -12.079630851745605
21 -13.974390029907227
21 -3.023839235305786
21 -4.084311485290527
21 3.375880718231201
21 -4.833495140075684
21 -16.0179500579834
21 -1.8248777389526367
21 -11.837297439575195
21 -12.498870849609375
21 0.7114895582199097
21 -13.78247356414795
21 3.813795328140259
21 -1.6247860193252563
21 -12.236457824707031
21 -7.975246429443359
21 -3.1367900371551514
21 -14.468034744262695
21 -4.342977046966553
21 -3.9917044639587402
21 -10.982898712158203
21 -9.879326820373535
21 -4.378028869628906
21 -10.606778144836426
21 -15.7452392578125
21 -12.724370002746582
21 -12.16918659210205
21 -8.321709632873535
21 -5.618298530578613
21 -0.40289878845214844
21 0.7777936458587646
21 1.1329104900360107
21 -15.149504661560059
21 1.839957356452942
21 -6.923895835876465
21 -2.503235340118408
21 -0.12583929300308228
21 -9.277538299560547
21 3.412980079650879
21 -12.180303573608398
21 -5.1962103843688965
21 -8.400938034057617
21 -9.872397422790527
21 -13.99976921081543
21 -14.990188598632813
21 -11.138039588928223
21 -14.908658027648926
21 -16.24873161315918
21 -11.78696346282959
21 -15.918895721435547
21 -9.087928771972656
21 -11.098166465759277
21 -6.6144938468933105
21 -3.3384475708007813
21 -10.99935531616211
21 -4.988008499145508
21 -8.110540390014648
21 2.339106559753418
21 3.152566909790039
21 -6.624068737030029
21 -4.8607330322265625
21 -1.6038552522659302
21 -15.61490535736084
21 15.174956321716309
21 -14.546306610107422
21 -9.069494247436523
21 -6.495571613311768
21 -0.6573162078857422
21 -14.797436714172363
21 -0.8705247044563293
21 -14.433542251586914
21 -1.458781123161316
21 -12.257085800170898
21 -9.76049518585205
21 -14.205653190612793
21 -11.660576820373535
21 -10.61780071258545
21 -12.954985618591309
21 -0.9090768694877625
21 -12.110671997070313
21 -5.240086555480957
21 2.047811508178711
21 -13.073844909667969
21 -15.521316528320313
21 -4.767757892608643
21 -12.416604995727539
21 1.382259488105774
21 -14.698752403259277
21 -7.725354194641113
21 -4.063446521759033
21 -5.464942932128906
21 0.4574071168899536
21 -2.053077220916748
21 -7.115377902984619
21 -7.032835006713867
21 -11.589083671569824
21 -3.990553855895996
21 -0.796079158782959
21 -5.510980606079102
21 -14.993402481079102
21 -13.466458320617676
21 14.502503395080566
21 -8.791337966918945
21 -9.630701065063477
21 -1.7043296098709106
21 -7.2684645652771
21 -15.726670265197754
21 -7.362794399261475
21 -13.928475379943848
21 -14.801983833312988
21 -5.972876071929932
21 -16.59237289428711
21 -0.9963672757148743
22 -9.716557502746582
22 13.54562759399414
22 -2.264737367630005
22 -5.643160343170166
22 -4.898577690124512
22 13.59325122833252
22 -12.079630851745605
22 -13.974390029907227
22 -3.023839235305786
22 -4.084311485290527
22 3.375880718231201
22 -4.833495140075684
22 -16.0179500579834
22 -1.8248777389526367
22 -11.837297439575195
22 -12.498870849609375
22 0.7114895582199097
22 -13.78247356414795
22 3.813795328140259
22 -1.6247860193252563
22 -12.236457824707031
22 -7.975246429443359
22 -3.1367900371551514
22 -14.468034744262695
22 -4.342977046966553
22 -3.9917044639587402
22 -9.668401718139648
22 -10.982898712158203
22 -9.879326820373535
22 -4.378028869628906
22 -10.606778144836426
22 -15.7452392578125
22 -12.724370002746582
22 -12.16918659210205
22 -8.321709632873535
22 -5.618298530578613
22 -0.40289878845214844
22 0.7777936458587646
22 1.1329104900360107
22 -15.149504661560059
22 1.839957356452942
22 -6.923895835876465
22 -2.503235340118408
22 -0.12583929300308228
22 -9.277538299560547
22 -12.861863136291504
22 3.412980079650879
22 -12.180303573608398
22 -5.1962103843688965
22 -8.400938034057617
22 -9.872397422790527
22 -13.99976921081543
22 -14.990188598632813
22 -11.138039588928223
22 -14.908658027648926
22 -11.78696346282959
22 -15.918895721435547
22 -9.087928771972656
22 -11.098166465759277
22 -6.6144938468933105
22 -3.3384475708007813
22 -10.99935531616211
22 -4.988008499145508
22 -8.110540390014648
22 2.339106559753418
22 3.152566909790039
22 -6.624068737030029
22 -4.8607330322265625
22 -1.6038552522659302
22 -15.61490535736084
22 15.174956321716309
22 -14.546306610107422
22 -9.069494247436523
22 -6.495571613311768
22 -0.6573162078857422
22 -14.797436714172363
22 -0.8705247044563293
22 -14.433542251586914
22 -1.458781123161316
22 -12.257085800170898
22 -9.76049518585205
22 -14.205653190612793
22 -11.660576820373535
22 -10.61780071258545
22 -12.954985618591309
22 -0.9090768694877625
22 -12.110671997070313
22 -5.240086555480957
22 2.047811508178711
22 -13.073844909667969
22 -15.521316528320313
22 -4.767757892608643
22 -12.416604995727539
22 1.382259488105774
22 -14.698752403259277
22 -7.725354194641113
22 -4.063446521759033
22 -5.464942932128906
22 0.4574071168899536
22 -2.053077220916748
22 -7.115377902984619
22 -7.032835006713867
22 -11.589083671569824
22 -3.990553855895996
22 -0.796079158782959
22 -5.510980606079102
22 -14.993402481079102
22 -13.466458320617676
22 14.502503395080566
22 -8.791337966918945
22 -9.630701065063477
22 -1.7043296098709106
22 -7.2684645652771
22 -15.726670265197754
22 -7.362794399261475
22 -13.928475379943848
22 -14.801983833312988
22 -5.972876071929932
22 -16.59237289428711
22 -0.9963672757148743
23 -9.716557502746582
23 -2.264737367630005
23 -5.643160343170166
23 -4.898577690124512
23 13.59325122833252
23 -12.079630851745605
23 -13.974390029907227
23 -3.023839235305786
23 -4.084311485290527
23 3.375880718231201
23 -4.833495140075684
23 -16.0179500579834
23 -1.8248777389526367
23 -11.837297439575195
23 -12.498870849609375
23 0.7114895582199097
23 -13.78247356414795
23 3.813795328140259
23 -1.6247860193252563
23 -12.236457824707031
23 -7.975246429443359
23 -3.1367900371551514
23 -14.468034744262695
23 -4.342977046966553
23 -3.9917044639587402
23 -9.668401718139648
23 -10.982898712158203
23 -9.879326820373535
23 -4.378028869628906
23 -10.606778144836426
23 -15.7452392578125
23 -12.724370002746582
23 -12.16918659210205
23 -8.321709632873535
23 -5.618298530578613
23 -0.40289878845214844
23 0.7777936458587646
23 1.1329104900360107
23 -15.149504661560059
23 1.839957356452942
23 -6.923895835876465
23 -2.503235340118408
23 -0.12583929300308228
23 -9.277538299560547
23 -12.861863136291504
23 3.412980079650879
23 -12.180303573608398
23 -5.1962103843688965
23 -8.400938034057617
23 -9.872397422790527
23 -13.99976921081543
23 -14.990188598632813
23 -11.138039588928223
23 -14.908658027648926
23 -11.78696346282959
23 -15.918895721435547
23 -9.087928771972656
23 -11.098166465759277
23 -6.6144938468933105
23 -3.3384475708007813
23 -10.99935531616211
23 -4.988008499145508
23 -8.110540390014648
23 2.339106559753418
23 3.152566909790039
23 -6.624068737030029
23 -4.8607330322265625
23 -1.6038552522659302
23 -15.61490535736084
23 15.174956321716309
23 -14.546306610107422
23 -9.069494247436523
23 -6.495571613311768
23 -0.6573162078857422
23 -14.797436714172363
23 -0.8705247044563293
23 -14.433542251586914
23 -1.458781123161316
23 -12.257085800170898
23 -9.76049518585205
23 -14.205653190612793
23 -11.660576820373535
23 -10.61780071258545
23 -12.954985618591309
23 -0.9090768694877625
23 -12.110671997070313
23 -5.240086555480957
23 2.047811508178711
23 -13.073844909667969
23 -15.521316528320313
23 -4.767757892608643
23 -12.416604995727539
23 1.382259488105774
23 -14.698752403259277
23 -7.725354194641113
23 -4.063446521759033
23 -5.464942932128906
23 0.4574071168899536
23 -2.053077220916748
23 -7.115377902984619
23 -7.032835006713867
23 -11.589083671569824
23 -3.990553855895996
23 -0.796079158782959
23 -5.510980606079102
23 -14.993402481079102
23 -13.466458320617676
23 14.502503395080566
23 -8.791337966918945
23 -9.630701065063477
23 -1.7043296098709106
23 -7.2684645652771
23 -15.726670265197754
23 -7.362794399261475
23 -13.928475379943848
23 -14.801983833312988
23 -5.972876071929932
23 -16.59237289428711
23 -0.9963672757148743
24 -9.716557502746582
24 13.54562759399414
24 -2.264737367630005
24 -5.643160343170166
24 -4.898577690124512
24 13.59325122833252
24 -12.079630851745605
24 -13.974390029907227
24 -3.023839235305786
24 -4.084311485290527
24 3.375880718231201
24 -4.833495140075684
24 -16.0179500579834
24 -1.8248777389526367
24 -11.837297439575195
24 -12.498870849609375
24 0.7114895582199097
24 -13.78247356414795
24 3.813795328140259
24 -1.6247860193252563
24 -12.236457824707031
24 -7.975246429443359
24 -3.1367900371551514
24 -14.468034744262695
24 -4.342977046966553
24 -3.9917044639587402
24 -9.668401718139648
24 -10.982898712158203
24 -9.879326820373535
24 -4.378028869628906
24 -10.606778144836426
24 -15.7452392578125
24 -12.724370002746582
24 -12.16918659210205
24 -8.321709632873535
24 -5.618298530578613
24 -0.40289878845214844
24 0.7777936458587646
24 1.1329104900360107
24 -15.149504661560059
24 1.839957356452942
24 -6.923895835876465
24 -2.503235340118408
24 -0.12583929300308228
24 -9.277538299560547
24 -12.861863136291504
24 3.412980079650879
24 -12.180303573608398
24 -5.1962103843688965
24 -8.400938034057617
24 -9.872397422790527
24 -13.99976921081543
24 -14.990188598632813
24 -11.138039588928223
24 -14.908658027648926
24 -16.24873161315918
24 -11.78696346282959
24 -15.918895721435547
24 -9.087928771972656
24 -11.098166465759277
24 -6.6144938468933105
24 -3.3384475708007813
24 -10.99935531616211
24 -4.988008499145508
24 -8.110540390014648
24 2.339106559753418
24 3.152566909790039
24 -6.624068737030029
24 -4.8607330322265625
24 -1.6038552522659302
24 -15.61490535736084
24 15.174956321716309
24 -14.546306610107422
24 -9.069494247436523
24 -6.495571613311768
24 -0.6573162078857422
24 -14.797436714172363
24 -0.8705247044563293
24 -14.433542251586914
24 -1.458781123161316
24 -12.257085800170898
24 -9.76049518585205
24 -14.205653190612793
24 -11.660576820373535
24 -10.61780071258545
24 -12.954985618591309
24 -0.9090768694877625
24 -12.110671997070313
24 -5.240086555480957
24 2.047811508178711
24 -13.073844909667969
24 -15.521316528320313
24 -4.767757892608643
24 -12.416604995727539
24 1.382259488105774
24 -14.698752403259277
24 -7.725354194641113
24 -4.063446521759033
24 -5.464942932128906
24 0.4574071168899536
24 -2.053077220916748
24 -7.115377902984619
24 -7.032835006713867
24 -11.589083671569824
24 -3.990553855895996
24 -0.796079158782959
24 -5.510980606079102
24 -14.993402481079102
24 -13.466458320617676
24 14.502503395080566
24 -8.791337966918945
24 -9.630701065063477
24 -1.7043296098709106
24 -7.2684645652771
24 -15.726670265197754
24 -7.362794399261475
24 -13.928475379943848
24 -14.801983833312988
24 -5.972876071929932
24 -16.59237289428711
24 -0.9963672757148743
25 -9.716557502746582
25 -2.264737367630005
25 -5.643160343170166
25 -4.898577690124512
25 13.59325122833252
25 -12.079630851745605
25 -13.974390029907227
25 -3.023839235305786
25 -4.084311485290527
25 3.375880718231201
25 -4.833495140075684
25 -16.0179500579834
25 -1.8248777389526367
25 -11.837297439575195
25 -12.498870849609375
25 0.7114895582199097
25 -13.78247356414795
25 3.813795328140259
25 -1.6247860193252563
25 -12.236457824707031
25 -7.975246429443359
25 -3.1367900371551514
25 -14.468034744262695
25 -4.342977046966553
25 -3.9917044639587402
25 -9.668401718139648
25 -10.982898712158203
25 -9.879326820373535
25 -4.378028869628906
25 -10.606778144836426
25 -15.7452392578125
25 -12.724370002746582
25 -12.16918659210205
25 -8.321709632873535
25 -5.618298530578613
25 -0.40289878845214844
25 0.7777936458587646
25 1.1329104900360107
25 -15.149504661560059
25 1.839957356452942
25 -6.923895835876465
25 -2.503235340118408
25 -0.12583929300308228
25 -9.277538299560547
25 -12.861863136291504
25 3.412980079650879
25 -12.180303573608398
25 -5.1962103843688965
25 -8.400938034057617
25 -9.872397422790527
25 -13.99976921081543
25 -14.990188598632813
25 -11.138039588928223
25 -14.908658027648926
25 -11.78696346282959
25 -15.918895721435547
25 -9.087928771972656
25 -11.098166465759277
25 -6.6144938468933105
25 -3.3384475708007813
25 -10.99935531616211
25 -4.988008499145508
25 -8.110540390014648
25 2.339106559753418
25 3.152566909790039
25 -6.624068737030029
25 -4.8607330322265625
25 -1.6038552522659302
25 -15.61490535736084
25 15.174956321716309
25 -14.546306610107422
25 -9.069494247436523
25 -6.495571613311768
25 -0.6573162078857422
25 -14.797436714172363
25 -0.8705247044563293
25 -14.433542251586914
25 -1.458781123161316
25 -3.577141284942627
25 -12.257085800170898
25 -9.76049518585205
25 -14.205653190612793
25 -11.660576820373535
25 -10.61780071258545
25 -12.954985618591309
25 -0.9090768694877625
25 -12.110671997070313
25 -5.240086555480957
25 2.047811508178711
25 -13.073844909667969
25 -15.521316528320313
25 -4.767757892608643
25 -12.416604995727539
25 1.382259488105774
25 -14.698752403259277
25 -7.725354194641113
25 -4.063446521759033
25 -5.464942932128906
25 0.4574071168899536
25 -2.053077220916748
25 -7.115377902984619
25 -7.032835006713867
25 -11.589083671569824
25 -3.990553855895996
25 -0.796079158782959
25 -5.510980606079102
25 -14.993402481079102
25 -13.466458320617676
25 14.502503395080566
25 -8.791337966918945
25 -9.630701065063477
25 -1.7043296098709106
25 -7.2684645652771
25 -15.726670265197754
25 -7.362794399261475
25 -13.928475379943848
25 -14.801983833312988
25 -5.972876071929932
25 -0.9963672757148743
