0 -40.074222564697266
0 -49.322200775146484
0 -32.45407485961914
0 -53.67998123168945
0 -52.68406677246094
0 -51.82051467895508
0 -40.87876892089844
0 -49.552494049072266
0 -49.18024826049805
0 -51.10082244873047
0 -51.3538703918457
0 -52.561222076416016
0 -51.99232482910156
0 -34.387367248535156
0 -51.666561126708984
0 -54.13229751586914
0 -53.12214660644531
0 -40.71682357788086
0 -47.342960357666016
0 -29.748184204101563
0 -42.87891387939453
0 -47.50750732421875
0 -31.048625946044922
0 -53.665245056152344
0 -51.70683288574219
0 -49.78650665283203
0 -49.9463996887207
0 -35.42323684692383
1 -54.273841857910156
1 -40.074222564697266
1 -49.322200775146484
1 -32.45407485961914
1 -32.78403091430664
1 -53.67998123168945
1 -52.68406677246094
1 -51.82051467895508
1 -40.87876892089844
1 -30.783735275268555
1 -29.261760711669922
1 -49.552494049072266
1 -28.88836097717285
1 -54.25849533081055
1 -49.18024826049805
1 -51.10082244873047
1 -29.256603240966797
1 -51.3538703918457
1 -54.23469543457031
1 -52.561222076416016
1 -51.666561126708984
1 -54.13229751586914
1 -53.12214660644531
1 -40.71682357788086
1 -47.342960357666016
1 -29.00326156616211
1 -42.87891387939453
1 -47.50750732421875
1 -29.503284454345703
1 -31.048625946044922
1 -53.665245056152344
1 -51.70683288574219
1 -49.78650665283203
1 -49.9463996887207
1 -35.42323684692383
1 -29.104846954345703
2 -40.074222564697266
2 -49.322200775146484
2 -32.45407485961914
2 -53.67998123168945
2 -52.68406677246094
2 -51.82051467895508
2 -40.87876892089844
2 -29.261760711669922
2 -49.552494049072266
2 -49.18024826049805
2 -51.10082244873047
2 -29.256603240966797
2 -51.3538703918457
2 -52.561222076416016
2 -51.99232482910156
2 -51.666561126708984
2 -53.12214660644531
2 -40.71682357788086
2 -47.342960357666016
2 -42.87891387939453
2 -47.50750732421875
2 -29.503284454345703
2 -31.048625946044922
2 -53.665245056152344
2 -51.70683288574219
2 -49.78650665283203
2 -49.9463996887207
2 -35.42323684692383
2 -29.104846954345703
3 -40.074222564697266
3 -49.322200775146484
3 -32.45407485961914
3 -32.78403091430664
3 -53.67998123168945
3 -52.68406677246094
3 -51.82051467895508
3 -40.87876892089844
3 -30.783735275268555
3 -29.261760711669922
3 -49.552494049072266
3 -49.18024826049805
3 -51.10082244873047
3 -29.256603240966797
3 -51.3538703918457
3 -54.23469543457031
3 -52.561222076416016
3 -51.666561126708984
3 -53.12214660644531
3 -40.71682357788086
3 -47.342960357666016
3 -42.87891387939453
3 -47.50750732421875
3 -29.503284454345703
3 -31.048625946044922
3 -51.70683288574219
3 -49.78650665283203
3 -49.9463996887207
3 -35.42323684692383
4 -40.074222564697266
4 -49.322200775146484
4 -31.062990188598633
4 -32.45407485961914
4 -53.67998123168945
4 -52.68406677246094
4 -51.82051467895508
4 -40.87876892089844
4 -49.552494049072266
4 -49.18024826049805
4 -51.10082244873047
4 -51.3538703918457
4 -52.561222076416016
4 -51.99232482910156
4 -34.387367248535156
4 -51.666561126708984
4 -54.13229751586914
4 -53.12214660644531
4 -40.71682357788086
4 -47.342960357666016
4 -29.748184204101563
4 -42.87891387939453
4 -47.50750732421875
4 -31.048625946044922
4 -53.665245056152344
4 -51.70683288574219
4 -49.78650665283203
4 -49.9463996887207
4 -35.42323684692383
5 -54.273841857910156
5 -40.074222564697266
5 -49.322200775146484
5 -31.062990188598633
5 -32.45407485961914
5 -53.67998123168945
5 -52.68406677246094
5 -51.82051467895508
5 -40.87876892089844
5 -49.552494049072266
5 -54.25849533081055
5 -49.18024826049805
5 -51.10082244873047
5 -51.3538703918457
5 -54.23469543457031
5 -52.561222076416016
5 -51.99232482910156
5 -34.387367248535156
5 -51.666561126708984
5 -54.13229751586914
5 -53.12214660644531
5 -54.337581634521484
5 -40.71682357788086
5 -47.342960357666016
5 -29.748184204101563
5 -42.87891387939453
5 -54.53770446777344
5 -47.50750732421875
5 -31.048625946044922
5 -53.665245056152344
5 -51.70683288574219
5 -49.78650665283203
5 -49.9463996887207
5 -35.42323684692383
6 -54.273841857910156
6 -40.074222564697266
6 -49.322200775146484
6 -32.45407485961914
6 -53.67998123168945
6 -52.68406677246094
6 -51.82051467895508
6 -40.87876892089844
6 -49.552494049072266
6 -54.25849533081055
6 -49.18024826049805
6 -51.10082244873047
6 -51.3538703918457
6 -54.23469543457031
6 -52.561222076416016
6 -51.99232482910156
6 -51.666561126708984
6 -54.13229751586914
6 -53.12214660644531
6 -40.71682357788086
6 -47.342960357666016
6 -42.87891387939453
6 -47.50750732421875
6 -29.503284454345703
6 -31.048625946044922
6 -53.665245056152344
6 -51.70683288574219
6 -49.78650665283203
6 -49.9463996887207
6 -35.42323684692383
7 -54.273841857910156
7 -40.074222564697266
7 -49.322200775146484
7 -31.062990188598633
7 -32.45407485961914
7 -53.67998123168945
7 -52.68406677246094
7 -51.82051467895508
7 -40.87876892089844
7 -49.552494049072266
7 -54.25849533081055
7 -49.18024826049805
7 -51.10082244873047
7 -51.3538703918457
7 -54.23469543457031
7 -52.561222076416016
7 -51.99232482910156
7 -34.387367248535156
7 -51.666561126708984
7 -54.13229751586914
7 -53.12214660644531
7 -40.71682357788086
7 -47.342960357666016
7 -29.748184204101563
7 -42.87891387939453
7 -47.50750732421875
7 -31.048625946044922
7 -53.665245056152344
7 -51.70683288574219
7 -49.78650665283203
7 -49.9463996887207
7 -35.42323684692383
8 -54.273841857910156
8 -40.074222564697266
8 -49.322200775146484
8 -31.062990188598633
8 -32.45407485961914
8 -53.67998123168945
8 -52.68406677246094
8 -51.82051467895508
8 -40.87876892089844
8 -49.552494049072266
8 -54.25849533081055
8 -49.18024826049805
8 -51.10082244873047
8 -51.3538703918457
8 -54.23469543457031
8 -52.561222076416016
8 -51.99232482910156
8 -34.007137298583984
8 -34.387367248535156
8 -51.666561126708984
8 -54.13229751586914
8 -53.12214660644531
8 -54.337581634521484
8 -40.71682357788086
8 -47.342960357666016
8 -29.748184204101563
8 -42.87891387939453
8 -47.50750732421875
8 -29.503284454345703
8 -31.048625946044922
8 -53.665245056152344
8 -51.70683288574219
8 -49.78650665283203
8 -49.9463996887207
8 -35.42323684692383
9 -54.273841857910156
9 -40.074222564697266
9 -49.322200775146484
9 -32.45407485961914
9 -53.67998123168945
9 -52.68406677246094
9 -51.82051467895508
9 -40.87876892089844
9 -49.552494049072266
9 -54.25849533081055
9 -49.18024826049805
9 -51.10082244873047
9 -51.3538703918457
9 -54.23469543457031
9 -52.561222076416016
9 -51.99232482910156
9 -51.666561126708984
9 -54.13229751586914
9 -53.12214660644531
9 -40.71682357788086
9 -47.342960357666016
9 -29.748184204101563
9 -42.87891387939453
9 -47.50750732421875
9 -31.048625946044922
9 -53.665245056152344
9 -51.70683288574219
9 -49.78650665283203
9 -49.9463996887207
9 -35.42323684692383
10 -40.074222564697266
10 -49.322200775146484
10 -31.062990188598633
10 -32.45407485961914
10 -53.67998123168945
10 -52.68406677246094
10 -51.82051467895508
10 -40.87876892089844
10 -49.552494049072266
10 -49.18024826049805
10 -51.10082244873047
10 -51.3538703918457
10 -52.561222076416016
10 -51.99232482910156
10 -34.387367248535156
10 -51.666561126708984
10 -54.13229751586914
10 -53.12214660644531
10 -40.71682357788086
10 -47.342960357666016
10 -29.748184204101563
10 -42.87891387939453
10 -47.50750732421875
10 -29.503284454345703
10 -31.048625946044922
10 -53.665245056152344
10 -51.70683288574219
10 -49.78650665283203
10 -49.9463996887207
10 -35.42323684692383
11 -54.273841857910156
11 -40.074222564697266
11 -49.322200775146484
11 -31.062990188598633
11 -32.45407485961914
11 -53.67998123168945
11 -52.68406677246094
11 -51.82051467895508
11 -40.87876892089844
11 -29.261760711669922
11 -49.552494049072266
11 -54.25849533081055
11 -49.18024826049805
11 -51.10082244873047
11 -29.256603240966797
11 -51.3538703918457
11 -54.23469543457031
11 -52.561222076416016
11 -51.99232482910156
11 -34.387367248535156
11 -51.666561126708984
11 -54.13229751586914
11 -53.12214660644531
11 -40.71682357788086
11 -47.342960357666016
11 -29.748184204101563
11 -42.87891387939453
11 -47.50750732421875
11 -29.503284454345703
11 -31.048625946044922
11 -53.665245056152344
11 -51.70683288574219
11 -49.78650665283203
11 -49.9463996887207
11 -35.42323684692383
12 -54.273841857910156
12 -40.074222564697266
12 -49.322200775146484
12 -32.45407485961914
12 -32.78403091430664
12 -53.67998123168945
12 -52.68406677246094
12 -51.82051467895508
12 -40.87876892089844
12 -30.783735275268555
12 -29.261760711669922
12 -49.552494049072266
12 -54.25849533081055
12 -49.18024826049805
12 -51.10082244873047
12 -29.256603240966797
12 -51.3538703918457
12 -54.23469543457031
12 -52.561222076416016
12 -51.666561126708984
12 -53.12214660644531
12 -54.337581634521484
12 -40.71682357788086
12 -47.342960357666016
12 -42.87891387939453
12 -47.50750732421875
12 -29.503284454345703
12 -31.048625946044922
12 -30.29594612121582
12 -51.70683288574219
12 -49.78650665283203
12 -49.9463996887207
12 -35.42323684692383
13 -54.273841857910156
13 -40.074222564697266
13 -49.322200775146484
13 -32.45407485961914
13 -32.78403091430664
13 -53.67998123168945
13 -52.68406677246094
13 -51.82051467895508
13 -40.87876892089844
13 -30.783735275268555
13 -49.552494049072266
13 -54.25849533081055
13 -49.18024826049805
13 -51.3538703918457
13 -54.23469543457031
13 -52.561222076416016
13 -51.666561126708984
13 -53.12214660644531
13 -54.337581634521484
13 -40.71682357788086
13 -47.342960357666016
13 -42.87891387939453
13 -47.50750732421875
13 -29.503284454345703
13 -31.048625946044922
13 -30.29594612121582
13 -51.70683288574219
13 -49.78650665283203
13 -49.9463996887207
13 -35.42323684692383
14 -40.074222564697266
14 -49.322200775146484
14 -32.45407485961914
14 -32.78403091430664
14 -53.67998123168945
14 -52.68406677246094
14 -51.82051467895508
14 -40.87876892089844
14 -30.783735275268555
14 -29.261760711669922
14 -49.552494049072266
14 -49.18024826049805
14 -51.10082244873047
14 -29.256603240966797
14 -51.3538703918457
14 -52.561222076416016
14 -51.666561126708984
14 -53.12214660644531
14 -40.71682357788086
14 -47.342960357666016
14 -42.87891387939453
14 -47.50750732421875
14 -29.503284454345703
14 -31.048625946044922
14 -51.70683288574219
14 -49.78650665283203
14 -49.9463996887207
14 -35.42323684692383
15 -40.074222564697266
15 -49.322200775146484
15 -31.062990188598633
15 -32.45407485961914
15 -53.67998123168945
15 -52.68406677246094
15 -51.82051467895508
15 -40.87876892089844
15 -49.552494049072266
15 -49.18024826049805
15 -51.10082244873047
15 -51.3538703918457
15 -52.561222076416016
15 -51.99232482910156
15 -34.387367248535156
15 -51.666561126708984
15 -54.13229751586914
15 -53.12214660644531
15 -40.71682357788086
15 -47.342960357666016
15 -29.748184204101563
15 -42.87891387939453
15 -47.50750732421875
15 -29.503284454345703
15 -31.048625946044922
15 -53.665245056152344
15 -51.70683288574219
15 -49.78650665283203
15 -49.9463996887207
15 -35.42323684692383
16 -40.074222564697266
16 -49.322200775146484
16 -31.062990188598633
16 -32.45407485961914
16 -53.67998123168945
16 -52.68406677246094
16 -51.82051467895508
16 -40.87876892089844
16 -49.552494049072266
16 -49.18024826049805
16 -51.10082244873047
16 -51.3538703918457
16 -52.561222076416016
16 -51.99232482910156
16 -34.387367248535156
16 -51.666561126708984
16 -54.13229751586914
16 -53.12214660644531
16 -40.71682357788086
16 -47.342960357666016
16 -42.87891387939453
16 -47.50750732421875
16 -31.048625946044922
16 -53.665245056152344
16 -51.70683288574219
16 -49.78650665283203
16 -49.9463996887207
16 -35.42323684692383
17 -40.074222564697266
17 -49.322200775146484
17 -31.062990188598633
17 -32.45407485961914
17 -53.67998123168945
17 -52.68406677246094
17 -51.82051467895508
17 -40.87876892089844
17 -29.261760711669922
17 -49.552494049072266
17 -49.18024826049805
17 -51.10082244873047
17 -29.256603240966797
17 -51.3538703918457
17 -52.561222076416016
17 -51.99232482910156
17 -34.387367248535156
17 -51.666561126708984
17 -54.13229751586914
17 -53.12214660644531
17 -40.71682357788086
17 -47.342960357666016
17 -29.748184204101563
17 -42.87891387939453
17 -47.50750732421875
17 -29.503284454345703
17 -31.048625946044922
17 -53.665245056152344
17 -51.70683288574219
17 -49.78650665283203
17 -49.9463996887207
17 -35.42323684692383
18 -40.074222564697266
18 -49.322200775146484
18 -32.45407485961914
18 -53.67998123168945
18 -52.68406677246094
18 -51.82051467895508
18 -40.87876892089844
18 -49.552494049072266
18 -49.18024826049805
18 -51.10082244873047
18 -51.3538703918457
18 -52.561222076416016
18 -51.99232482910156
18 -34.387367248535156
18 -51.666561126708984
18 -54.13229751586914
18 -53.12214660644531
18 -40.71682357788086
18 -47.342960357666016
18 -29.748184204101563
18 -42.87891387939453
18 -47.50750732421875
18 -29.503284454345703
18 -31.048625946044922
18 -53.665245056152344
18 -51.70683288574219
18 -49.78650665283203
18 -49.9463996887207
18 -35.42323684692383
19 -54.273841857910156
19 -40.074222564697266
19 -49.322200775146484
19 -32.45407485961914
19 -53.67998123168945
19 -52.68406677246094
19 -51.82051467895508
19 -40.87876892089844
19 -49.552494049072266
19 -54.25849533081055
19 -49.18024826049805
19 -51.10082244873047
19 -51.3538703918457
19 -54.23469543457031
19 -52.561222076416016
19 -51.99232482910156
19 -34.387367248535156
19 -51.666561126708984
19 -54.13229751586914
19 -53.12214660644531
19 -54.337581634521484
19 -40.71682357788086
19 -47.342960357666016
19 -29.748184204101563
19 -42.87891387939453
19 -47.50750732421875
19 -29.503284454345703
19 -31.048625946044922
19 -53.665245056152344
19 -51.70683288574219
19 -49.78650665283203
19 -49.9463996887207
19 -35.42323684692383
20 -54.273841857910156
20 -40.074222564697266
20 -49.322200775146484
20 -32.45407485961914
20 -53.67998123168945
20 -52.68406677246094
20 -51.82051467895508
20 -40.87876892089844
20 -49.552494049072266
20 -54.25849533081055
20 -49.18024826049805
20 -51.10082244873047
20 -51.3538703918457
20 -54.23469543457031
20 -52.561222076416016
20 -51.99232482910156
20 -51.666561126708984
20 -54.13229751586914
20 -53.12214660644531
20 -54.337581634521484
20 -40.71682357788086
20 -47.342960357666016
20 -29.748184204101563
20 -42.87891387939453
20 -47.50750732421875
20 -31.048625946044922
20 -53.665245056152344
20 -51.70683288574219
20 -49.78650665283203
20 -49.9463996887207
20 -35.42323684692383
21 -40.074222564697266
21 -49.322200775146484
21 -32.45407485961914
21 -32.78403091430664
21 -53.67998123168945
21 -52.68406677246094
21 -51.82051467895508
21 -40.87876892089844
21 -30.783735275268555
21 -49.552494049072266
21 -49.18024826049805
21 -51.10082244873047
21 -51.3538703918457
21 -52.561222076416016
21 -51.666561126708984
21 -53.12214660644531
21 -40.71682357788086
21 -47.342960357666016
21 -42.87891387939453
21 -47.50750732421875
21 -31.048625946044922
21 -51.70683288574219
21 -49.78650665283203
21 -49.9463996887207
21 -35.42323684692383
22 -40.074222564697266
22 -49.322200775146484
22 -32.45407485961914
22 -53.67998123168945
22 -52.68406677246094
22 -51.82051467895508
22 -40.87876892089844
22 -49.552494049072266
22 -49.18024826049805
22 -51.10082244873047
22 -51.3538703918457
22 -52.561222076416016
22 -51.99232482910156
22 -34.387367248535156
22 -51.666561126708984
22 -53.12214660644531
22 -40.71682357788086
22 -47.342960357666016
22 -29.748184204101563
22 -42.87891387939453
22 -47.50750732421875
22 -29.503284454345703
22 -31.048625946044922
22 -53.665245056152344
22 -51.70683288574219
22 -49.78650665283203
22 -49.9463996887207
22 -35.42323684692383
23 -40.074222564697266
23 -49.322200775146484
23 -32.45407485961914
23 -53.67998123168945
23 -52.68406677246094
23 -51.82051467895508
23 -40.87876892089844
23 -29.261760711669922
23 -49.552494049072266
23 -49.18024826049805
23 -51.10082244873047
23 -29.256603240966797
23 -51.3538703918457
23 -54.23469543457031
23 -52.561222076416016
23 -51.99232482910156
23 -51.666561126708984
23 -54.13229751586914
23 -53.12214660644531
23 -40.71682357788086
23 -47.342960357666016
23 -42.87891387939453
23 -47.50750732421875
23 -29.503284454345703
23 -31.048625946044922
23 -53.665245056152344
23 -51.70683288574219
23 -49.78650665283203
23 -49.9463996887207
23 -35.42323684692383
24 -54.273841857910156
24 -40.074222564697266
24 -49.322200775146484
24 -32.45407485961914
24 -53.67998123168945
24 -52.68406677246094
24 -51.82051467895508
24 -40.87876892089844
24 -49.552494049072266
24 -54.25849533081055
24 -49.18024826049805
24 -51.10082244873047
24 -51.3538703918457
24 -54.23469543457031
24 -52.561222076416016
24 -51.99232482910156
24 -51.666561126708984
24 -54.13229751586914
24 -53.12214660644531
24 -40.71682357788086
24 -47.342960357666016
24 -42.87891387939453
24 -47.50750732421875
24 -31.048625946044922
24 -53.665245056152344
24 -51.70683288574219
24 -49.78650665283203
24 -49.9463996887207
24 -35.42323684692383
25 -54.273841857910156
25 -40.074222564697266
25 -49.322200775146484
25 -32.45407485961914
25 -53.67998123168945
25 -52.68406677246094
25 -51.82051467895508
25 -40.87876892089844
25 -49.552494049072266
25 -54.25849533081055
25 -49.18024826049805
25 -51.10082244873047
25 -51.3538703918457
25 -54.23469543457031
25 -52.561222076416016
25 -51.99232482910156
25 -51.666561126708984
25 -54.13229751586914
25 -53.12214660644531
25 -54.337581634521484
25 -40.71682357788086
25 -47.342960357666016
25 -42.87891387939453
25 -47.50750732421875
25 -29.503284454345703
25 -31.048625946044922
25 -53.665245056152344
25 -51.70683288574219
25 -49.78650665283203
25 -49.9463996887207
25 -35.42323684692383
