0 -18.519962310791016
0 -22.003366470336914
0 -25.328670501708984
0 -23.34602928161621
0 -20.642711639404297
0 -24.537334442138672
0 -28.14685821533203
0 -25.36389923095703
0 -24.754331588745117
0 -24.819326400756836
0 -22.75321388244629
0 -28.664091110229492
0 -22.27591896057129
0 -18.581937789916992
0 -22.200490951538086
0 -24.71150016784668
0 -17.38469123840332
0 -26.65317726135254
0 -18.09678840637207
0 -19.65810203552246
0 -22.80316162109375
0 -24.197418212890625
0 -25.248302459716797
0 -17.519201278686523
0 -23.39408302307129
0 -29.35791778564453
0 -22.291597366333008
0 -23.170251846313477
0 -20.840280532836914
0 -28.90399169921875
0 -25.016756057739258
0 -24.907665252685547
0 -19.47173500061035
0 -23.99846839904785
0 -26.512191772460938
0 -24.617490768432617
0 -29.00619888305664
0 -19.040281295776367
0 -18.683313369750977
0 -26.06591796875
0 -23.281291961669922
0 -19.671602249145508
0 -24.535079956054688
0 -20.069080352783203
0 -16.944368362426758
0 -28.79300308227539
0 -29.34479522705078
0 -21.413633346557617
0 -26.644628524780273
0 -20.480941772460938
0 -19.90312957763672
0 -18.12346649169922
0 -28.500019073486328
0 -22.70097541809082
0 -27.231225967407227
0 -25.460180282592773
0 -26.87729263305664
0 -18.322458267211914
0 -19.372297286987305
0 -26.5610408782959
0 -24.11996078491211
0 -19.234966278076172
0 -18.145689010620117
0 -26.51667022705078
0 -20.770071029663086
0 -22.740123748779297
0 -22.564908981323242
0 -29.159587860107422
0 -25.808242797851563
0 -22.027538299560547
0 -19.793460845947266
0 -18.87151527404785
0 -22.298282623291016
0 -17.920663833618164
0 -23.727645874023438
0 -21.269718170166016
0 -17.782169342041016
0 -23.332868576049805
0 -21.372772216796875
0 -17.383745193481445
0 -28.454317092895508
0 -19.61838150024414
0 -26.919044494628906
0 -26.57308578491211
0 -21.001920700073242
0 -22.95536994934082
0 -21.299190521240234
0 -25.188268661499023
0 -19.606761932373047
0 -24.756450653076172
0 -26.758296966552734
0 -19.223604202270508
0 -21.22480010986328
0 -27.861957550048828
0 -25.44087791442871
0 -22.48514175415039
0 -17.137039184570313
0 -19.60988426208496
0 -20.886194229125977
0 -20.489986419677734
0 -17.32362937927246
0 -21.332792282104492
0 -17.7574520111084
0 -25.561864852905273
0 -24.561006546020508
0 -18.653884887695313
0 -22.970382690429688
0 -21.500682830810547
0 -29.092689514160156
0 -20.111085891723633
0 -17.12775993347168
0 -20.112350463867188
0 -16.86856460571289
0 -21.16033935546875
0 -22.88034439086914
0 -24.992578506469727
1 -18.519962310791016
1 -22.003366470336914
1 -25.328670501708984
1 -23.34602928161621
1 -20.642711639404297
1 -24.537334442138672
1 -28.14685821533203
1 -25.36389923095703
1 -24.754331588745117
1 -24.819326400756836
1 -22.75321388244629
1 -22.27591896057129
1 -18.581937789916992
1 -22.200490951538086
1 -24.71150016784668
1 -17.38469123840332
1 -26.65317726135254
1 -18.09678840637207
1 -19.65810203552246
1 -22.80316162109375
1 -24.197418212890625
1 -25.248302459716797
1 -17.519201278686523
1 -23.39408302307129
1 -21.091184616088867
1 -22.291597366333008
1 -23.170251846313477
1 -20.840280532836914
1 -25.016756057739258
1 -24.907665252685547
1 -19.47173500061035
1 -23.99846839904785
1 -26.512191772460938
1 -24.617490768432617
1 -26.893600463867188
1 -19.040281295776367
1 -18.683313369750977
1 -26.06591796875
1 -23.281291961669922
1 -19.671602249145508
1 -24.535079956054688
1 -20.069080352783203
1 -16.944368362426758
1 -20.436931610107422
1 -21.413633346557617
1 -26.644628524780273
1 -20.480941772460938
1 -19.90312957763672
1 -18.12346649169922
1 -22.70097541809082
1 -27.231225967407227
1 -25.460180282592773
1 -26.87729263305664
1 -18.322458267211914
1 -19.372297286987305
1 -26.5610408782959
1 -24.11996078491211
1 -19.234966278076172
1 -18.145689010620117
1 -26.51667022705078
1 -20.770071029663086
1 -22.740123748779297
1 -22.564908981323242
1 -25.808242797851563
1 -22.027538299560547
1 -19.793460845947266
1 -18.87151527404785
1 -22.298282623291016
1 -17.920663833618164
1 -23.727645874023438
1 -21.269718170166016
1 -17.782169342041016
1 -23.332868576049805
1 -21.372772216796875
1 -17.383745193481445
1 -26.372676849365234
1 -19.61838150024414
1 -26.919044494628906
1 -26.57308578491211
1 -21.001920700073242
1 -22.95536994934082
1 -25.188268661499023
1 -19.606761932373047
1 -24.756450653076172
1 -26.758296966552734
1 -19.223604202270508
1 -21.22480010986328
1 -27.861957550048828
1 -25.44087791442871
1 -22.48514175415039
1 -17.137039184570313
1 -19.60988426208496
1 -20.886194229125977
1 -20.489986419677734
1 -17.32362937927246
1 -21.332792282104492
1 -17.7574520111084
1 -25.561864852905273
1 -24.561006546020508
1 -18.653884887695313
1 -22.970382690429688
1 -21.500682830810547
1 -20.111085891723633
1 -17.12775993347168
1 -20.112350463867188
1 -16.86856460571289
1 -21.16033935546875
1 -22.88034439086914
1 -24.992578506469727
2 -18.519962310791016
2 -22.003366470336914
2 -25.328670501708984
2 -23.34602928161621
2 -20.642711639404297
2 -24.537334442138672
2 -28.14685821533203
2 -25.36389923095703
2 -24.754331588745117
2 -24.819326400756836
2 -22.75321388244629
2 -28.664091110229492
2 -24.987024307250977
2 -22.27591896057129
2 -18.581937789916992
2 -22.200490951538086
2 -24.71150016784668
2 -17.38469123840332
2 -26.65317726135254
2 -18.09678840637207
2 -19.65810203552246
2 -22.80316162109375
2 -24.197418212890625
2 -17.519201278686523
2 -23.39408302307129
2 -22.291597366333008
2 -23.170251846313477
2 -20.840280532836914
2 -25.016756057739258
2 -24.907665252685547
2 -19.47173500061035
2 -23.99846839904785
2 -26.512191772460938
2 -24.617490768432617
2 -28.090167999267578
2 -27.846784591674805
2 -19.040281295776367
2 -18.683313369750977
2 -26.06591796875
2 -23.281291961669922
2 -19.671602249145508
2 -24.535079956054688
2 -20.069080352783203
2 -16.944368362426758
2 -28.79300308227539
2 -17.4958553314209
2 -21.413633346557617
2 -26.644628524780273
2 -20.480941772460938
2 -19.90312957763672
2 -18.12346649169922
2 -28.500019073486328
2 -23.437376022338867
2 -22.70097541809082
2 -27.231225967407227
2 -25.460180282592773
2 -26.87729263305664
2 -18.322458267211914
2 -19.372297286987305
2 -26.5610408782959
2 -24.11996078491211
2 -19.234966278076172
2 -18.145689010620117
2 -26.51667022705078
2 -20.770071029663086
2 -22.740123748779297
2 -22.564908981323242
2 -25.808242797851563
2 -22.027538299560547
2 -19.793460845947266
2 -18.87151527404785
2 -22.298282623291016
2 -17.920663833618164
2 -23.727645874023438
2 -21.269718170166016
2 -17.782169342041016
2 -23.332868576049805
2 -21.372772216796875
2 -17.383745193481445
2 -28.454317092895508
2 -19.61838150024414
2 -26.919044494628906
2 -26.57308578491211
2 -21.001920700073242
2 -22.95536994934082
2 -21.299190521240234
2 -25.188268661499023
2 -19.606761932373047
2 -24.756450653076172
2 -26.758296966552734
2 -21.22480010986328
2 -27.861957550048828
2 -25.44087791442871
2 -22.48514175415039
2 -17.137039184570313
2 -19.60988426208496
2 -20.886194229125977
2 -20.489986419677734
2 -17.32362937927246
2 -21.332792282104492
2 -17.7574520111084
2 -25.561864852905273
2 -24.561006546020508
2 -18.653884887695313
2 -22.970382690429688
2 -21.500682830810547
2 -20.111085891723633
2 -17.12775993347168
2 -20.112350463867188
2 -21.16033935546875
2 -22.88034439086914
2 -24.992578506469727
3 -18.519962310791016
3 -22.003366470336914
3 -25.328670501708984
3 -23.34602928161621
3 -20.642711639404297
3 -24.537334442138672
3 -28.14685821533203
3 -25.36389923095703
3 -24.754331588745117
3 -24.819326400756836
3 -22.75321388244629
3 -28.664091110229492
3 -22.27591896057129
3 -18.581937789916992
3 -22.200490951538086
3 -24.71150016784668
3 -17.38469123840332
3 -26.65317726135254
3 -18.09678840637207
3 -19.65810203552246
3 -22.80316162109375
3 -24.197418212890625
3 -25.248302459716797
3 -17.519201278686523
3 -23.39408302307129
3 -29.35791778564453
3 -22.291597366333008
3 -23.170251846313477
3 -20.840280532836914
3 -28.90399169921875
3 -25.016756057739258
3 -24.907665252685547
3 -19.47173500061035
3 -23.99846839904785
3 -26.512191772460938
3 -24.617490768432617
3 -29.00619888305664
3 -19.040281295776367
3 -18.683313369750977
3 -26.06591796875
3 -19.671602249145508
3 -24.535079956054688
3 -20.069080352783203
3 -16.944368362426758
3 -28.79300308227539
3 -29.34479522705078
3 -21.413633346557617
3 -26.644628524780273
3 -20.480941772460938
3 -19.90312957763672
3 -18.12346649169922
3 -28.500019073486328
3 -23.437376022338867
3 -22.70097541809082
3 -27.231225967407227
3 -25.460180282592773
3 -26.87729263305664
3 -18.322458267211914
3 -19.372297286987305
3 -26.5610408782959
3 -24.11996078491211
3 -19.234966278076172
3 -18.145689010620117
3 -26.51667022705078
3 -20.770071029663086
3 -22.740123748779297
3 -22.564908981323242
3 -29.159587860107422
3 -25.808242797851563
3 -22.027538299560547
3 -19.793460845947266
3 -18.87151527404785
3 -22.298282623291016
3 -17.920663833618164
3 -23.727645874023438
3 -21.269718170166016
3 -17.782169342041016
3 -23.332868576049805
3 -21.372772216796875
3 -17.383745193481445
3 -28.454317092895508
3 -19.61838150024414
3 -26.919044494628906
3 -26.57308578491211
3 -21.001920700073242
3 -22.95536994934082
3 -21.299190521240234
3 -25.188268661499023
3 -19.606761932373047
3 -24.756450653076172
3 -26.758296966552734
3 -19.223604202270508
3 -21.22480010986328
3 -27.861957550048828
3 -25.44087791442871
3 -22.48514175415039
3 -17.137039184570313
3 -19.60988426208496
3 -20.886194229125977
3 -20.489986419677734
3 -17.32362937927246
3 -21.332792282104492
3 -19.046062469482422
3 -17.7574520111084
3 -25.561864852905273
3 -24.561006546020508
3 -18.653884887695313
3 -22.970382690429688
3 -21.500682830810547
3 -29.092689514160156
3 -20.111085891723633
3 -17.12775993347168
3 -20.112350463867188
3 -16.86856460571289
3 -21.16033935546875
3 -22.88034439086914
3 -24.992578506469727
4 -18.519962310791016
4 -22.003366470336914
4 -25.328670501708984
4 -23.34602928161621
4 -20.642711639404297
4 -24.537334442138672
4 -28.14685821533203
4 -25.36389923095703
4 -24.754331588745117
4 -24.819326400756836
4 -22.75321388244629
4 -28.664091110229492
4 -24.987024307250977
4 -22.27591896057129
4 -18.581937789916992
4 -22.200490951538086
4 -24.71150016784668
4 -17.38469123840332
4 -26.65317726135254
4 -18.09678840637207
4 -19.65810203552246
4 -22.80316162109375
4 -24.197418212890625
4 -17.519201278686523
4 -23.39408302307129
4 -29.35791778564453
4 -22.291597366333008
4 -23.170251846313477
4 -20.840280532836914
4 -28.90399169921875
4 -25.016756057739258
4 -24.907665252685547
4 -19.47173500061035
4 -23.99846839904785
4 -26.512191772460938
4 -24.617490768432617
4 -29.00619888305664
4 -28.090167999267578
4 -27.846784591674805
4 -19.040281295776367
4 -18.683313369750977
4 -26.06591796875
4 -23.281291961669922
4 -19.671602249145508
4 -24.535079956054688
4 -20.069080352783203
4 -16.944368362426758
4 -28.79300308227539
4 -17.4958553314209
4 -29.34479522705078
4 -21.413633346557617
4 -26.644628524780273
4 -20.480941772460938
4 -19.90312957763672
4 -18.12346649169922
4 -28.500019073486328
4 -23.437376022338867
4 -22.70097541809082
4 -27.231225967407227
4 -25.460180282592773
4 -26.87729263305664
4 -18.322458267211914
4 -19.372297286987305
4 -26.5610408782959
4 -24.11996078491211
4 -19.234966278076172
4 -18.145689010620117
4 -26.51667022705078
4 -20.770071029663086
4 -22.740123748779297
4 -22.564908981323242
4 -29.159587860107422
4 -25.808242797851563
4 -22.027538299560547
4 -19.793460845947266
4 -18.87151527404785
4 -22.298282623291016
4 -17.920663833618164
4 -23.727645874023438
4 -21.269718170166016
4 -17.782169342041016
4 -23.332868576049805
4 -21.372772216796875
4 -17.383745193481445
4 -28.454317092895508
4 -19.61838150024414
4 -26.919044494628906
4 -26.57308578491211
4 -21.001920700073242
4 -22.95536994934082
4 -21.299190521240234
4 -25.188268661499023
4 -19.606761932373047
4 -24.756450653076172
4 -26.758296966552734
4 -21.22480010986328
4 -27.861957550048828
4 -25.44087791442871
4 -22.48514175415039
4 -17.137039184570313
4 -19.60988426208496
4 -20.886194229125977
4 -20.489986419677734
4 -17.32362937927246
4 -21.332792282104492
4 -17.7574520111084
4 -25.561864852905273
4 -24.561006546020508
4 -18.653884887695313
4 -22.970382690429688
4 -21.500682830810547
4 -29.092689514160156
4 -20.111085891723633
4 -17.12775993347168
4 -20.112350463867188
4 -21.16033935546875
4 -22.88034439086914
4 -24.992578506469727
5 -18.519962310791016
5 -22.003366470336914
5 -25.328670501708984
5 -23.34602928161621
5 -20.642711639404297
5 -24.537334442138672
5 -28.14685821533203
5 -25.36389923095703
5 -24.754331588745117
5 -24.819326400756836
5 -22.75321388244629
5 -28.664091110229492
5 -18.31916618347168
5 -22.27591896057129
5 -18.581937789916992
5 -22.200490951538086
5 -24.71150016784668
5 -17.38469123840332
5 -26.65317726135254
5 -18.09678840637207
5 -19.65810203552246
5 -22.80316162109375
5 -24.197418212890625
5 -25.248302459716797
5 -17.519201278686523
5 -23.39408302307129
5 -29.35791778564453
5 -22.291597366333008
5 -23.170251846313477
5 -20.840280532836914
5 -28.90399169921875
5 -25.016756057739258
5 -24.907665252685547
5 -19.47173500061035
5 -23.99846839904785
5 -26.512191772460938
5 -24.617490768432617
5 -29.00619888305664
5 -27.846784591674805
5 -19.040281295776367
5 -18.683313369750977
5 -26.06591796875
5 -23.281291961669922
5 -19.671602249145508
5 -24.535079956054688
5 -20.069080352783203
5 -16.944368362426758
5 -28.79300308227539
5 -17.4958553314209
5 -29.34479522705078
5 -21.413633346557617
5 -26.644628524780273
5 -20.480941772460938
5 -19.90312957763672
5 -18.12346649169922
5 -28.500019073486328
5 -23.437376022338867
5 -22.70097541809082
5 -27.231225967407227
5 -25.460180282592773
5 -26.87729263305664
5 -18.322458267211914
5 -19.372297286987305
5 -26.5610408782959
5 -24.11996078491211
5 -19.234966278076172
5 -18.145689010620117
5 -26.51667022705078
5 -20.770071029663086
5 -22.740123748779297
5 -22.564908981323242
5 -29.159587860107422
5 -25.808242797851563
5 -22.027538299560547
5 -19.793460845947266
5 -18.87151527404785
5 -22.298282623291016
5 -17.920663833618164
5 -29.807998657226563
5 -23.727645874023438
5 -21.269718170166016
5 -17.782169342041016
5 -23.332868576049805
5 -21.372772216796875
5 -17.383745193481445
5 -28.454317092895508
5 -19.61838150024414
5 -26.919044494628906
5 -26.57308578491211
5 -21.001920700073242
5 -22.95536994934082
5 -21.299190521240234
5 -25.188268661499023
5 -19.606761932373047
5 -24.756450653076172
5 -26.758296966552734
5 -19.223604202270508
5 -21.22480010986328
5 -27.861957550048828
5 -25.44087791442871
5 -22.48514175415039
5 -17.137039184570313
5 -19.60988426208496
5 -20.886194229125977
5 -20.489986419677734
5 -17.32362937927246
5 -21.332792282104492
5 -17.7574520111084
5 -25.561864852905273
5 -24.561006546020508
5 -18.653884887695313
5 -22.970382690429688
5 -21.500682830810547
5 -29.092689514160156
5 -20.111085891723633
5 -17.12775993347168
5 -20.112350463867188
5 -16.86856460571289
5 -21.16033935546875
5 -22.88034439086914
5 -24.992578506469727
6 -18.519962310791016
6 -22.003366470336914
6 -25.328670501708984
6 -23.34602928161621
6 -20.642711639404297
6 -24.537334442138672
6 -28.14685821533203
6 -24.754331588745117
6 -24.819326400756836
6 -22.75321388244629
6 -28.664091110229492
6 -18.31916618347168
6 -22.27591896057129
6 -18.581937789916992
6 -22.200490951538086
6 -24.71150016784668
6 -17.38469123840332
6 -26.65317726135254
6 -18.09678840637207
6 -19.65810203552246
6 -22.80316162109375
6 -24.197418212890625
6 -25.248302459716797
6 -17.519201278686523
6 -23.39408302307129
6 -21.091184616088867
6 -22.291597366333008
6 -23.170251846313477
6 -20.840280532836914
6 -28.90399169921875
6 -25.016756057739258
6 -24.907665252685547
6 -19.47173500061035
6 -23.99846839904785
6 -26.512191772460938
6 -24.617490768432617
6 -29.00619888305664
6 -27.846784591674805
6 -26.893600463867188
6 -19.040281295776367
6 -18.683313369750977
6 -26.06591796875
6 -23.281291961669922
6 -19.671602249145508
6 -16.944368362426758
6 -28.79300308227539
6 -17.4958553314209
6 -21.413633346557617
6 -26.644628524780273
6 -20.480941772460938
6 -19.90312957763672
6 -18.12346649169922
6 -28.500019073486328
6 -22.70097541809082
6 -27.231225967407227
6 -25.460180282592773
6 -26.87729263305664
6 -18.322458267211914
6 -19.372297286987305
6 -26.5610408782959
6 -24.11996078491211
6 -19.234966278076172
6 -18.145689010620117
6 -26.51667022705078
6 -20.770071029663086
6 -22.740123748779297
6 -22.564908981323242
6 -29.159587860107422
6 -25.808242797851563
6 -22.027538299560547
6 -19.793460845947266
6 -18.87151527404785
6 -22.298282623291016
6 -17.920663833618164
6 -23.727645874023438
6 -21.269718170166016
6 -17.782169342041016
6 -23.332868576049805
6 -21.372772216796875
6 -17.383745193481445
6 -28.454317092895508
6 -19.61838150024414
6 -26.919044494628906
6 -26.57308578491211
6 -21.001920700073242
6 -22.95536994934082
6 -18.478857040405273
6 -25.188268661499023
6 -19.606761932373047
6 -24.756450653076172
6 -26.758296966552734
6 -19.223604202270508
6 -21.22480010986328
6 -27.861957550048828
6 -25.44087791442871
6 -22.48514175415039
6 -23.04824447631836
6 -17.137039184570313
6 -19.60988426208496
6 -20.886194229125977
6 -20.489986419677734
6 -17.32362937927246
6 -21.332792282104492
6 -25.561864852905273
6 -24.561006546020508
6 -18.653884887695313
6 -22.970382690429688
6 -29.092689514160156
6 -20.111085891723633
6 -17.12775993347168
6 -20.112350463867188
6 -16.86856460571289
6 -21.16033935546875
6 -22.88034439086914
6 -24.992578506469727
7 -18.519962310791016
7 -22.003366470336914
7 -25.328670501708984
7 -23.34602928161621
7 -20.642711639404297
7 -24.537334442138672
7 -28.14685821533203
7 -24.754331588745117
7 -24.819326400756836
7 -22.75321388244629
7 -28.664091110229492
7 -24.987024307250977
7 -22.27591896057129
7 -18.581937789916992
7 -22.200490951538086
7 -24.71150016784668
7 -17.38469123840332
7 -26.65317726135254
7 -18.09678840637207
7 -19.65810203552246
7 -22.80316162109375
7 -24.197418212890625
7 -17.519201278686523
7 -23.39408302307129
7 -29.35791778564453
7 -22.291597366333008
7 -23.170251846313477
7 -20.840280532836914
7 -25.016756057739258
7 -24.907665252685547
7 -19.47173500061035
7 -23.99846839904785
7 -26.512191772460938
7 -24.617490768432617
7 -29.00619888305664
7 -28.090167999267578
7 -27.846784591674805
7 -19.040281295776367
7 -18.683313369750977
7 -26.06591796875
7 -23.281291961669922
7 -19.671602249145508
7 -20.069080352783203
7 -28.79300308227539
7 -17.4958553314209
7 -29.34479522705078
7 -21.413633346557617
7 -26.644628524780273
7 -20.480941772460938
7 -19.90312957763672
7 -18.12346649169922
7 -28.500019073486328
7 -23.437376022338867
7 -22.70097541809082
7 -27.231225967407227
7 -25.460180282592773
7 -26.87729263305664
7 -18.322458267211914
7 -19.372297286987305
7 -26.5610408782959
7 -24.11996078491211
7 -19.234966278076172
7 -18.145689010620117
7 -26.51667022705078
7 -20.770071029663086
7 -22.740123748779297
7 -22.564908981323242
7 -29.159587860107422
7 -25.808242797851563
7 -22.027538299560547
7 -19.793460845947266
7 -18.87151527404785
7 -22.298282623291016
7 -17.920663833618164
7 -29.807998657226563
7 -23.727645874023438
7 -21.269718170166016
7 -17.782169342041016
7 -23.332868576049805
7 -21.372772216796875
7 -17.383745193481445
7 -28.454317092895508
7 -19.61838150024414
7 -26.919044494628906
7 -26.57308578491211
7 -21.001920700073242
7 -22.95536994934082
7 -21.299190521240234
7 -25.188268661499023
7 -19.606761932373047
7 -24.756450653076172
7 -26.758296966552734
7 -21.22480010986328
7 -27.861957550048828
7 -25.44087791442871
7 -22.48514175415039
7 -19.60988426208496
7 -20.886194229125977
7 -20.489986419677734
7 -17.32362937927246
7 -21.332792282104492
7 -17.7574520111084
7 -25.561864852905273
7 -24.561006546020508
7 -18.653884887695313
7 -22.970382690429688
7 -21.500682830810547
7 -29.092689514160156
7 -20.111085891723633
7 -20.112350463867188
7 -21.16033935546875
7 -22.88034439086914
7 -24.992578506469727
8 -18.519962310791016
8 -22.003366470336914
8 -25.328670501708984
8 -23.34602928161621
8 -20.642711639404297
8 -24.537334442138672
8 -28.14685821533203
8 -24.754331588745117
8 -24.819326400756836
8 -22.75321388244629
8 -28.664091110229492
8 -24.987024307250977
8 -22.27591896057129
8 -18.581937789916992
8 -22.200490951538086
8 -24.71150016784668
8 -17.38469123840332
8 -26.65317726135254
8 -18.09678840637207
8 -19.65810203552246
8 -22.80316162109375
8 -24.197418212890625
8 -17.519201278686523
8 -23.39408302307129
8 -29.35791778564453
8 -22.291597366333008
8 -23.170251846313477
8 -20.840280532836914
8 -25.016756057739258
8 -24.907665252685547
8 -19.47173500061035
8 -23.99846839904785
8 -26.512191772460938
8 -24.617490768432617
8 -29.00619888305664
8 -28.090167999267578
8 -27.846784591674805
8 -19.040281295776367
8 -18.683313369750977
8 -26.06591796875
8 -23.281291961669922
8 -19.671602249145508
8 -20.069080352783203
8 -28.79300308227539
8 -17.4958553314209
8 -29.34479522705078
8 -21.413633346557617
8 -26.644628524780273
8 -20.480941772460938
8 -19.90312957763672
8 -18.12346649169922
8 -28.500019073486328
8 -23.437376022338867
8 -22.70097541809082
8 -27.231225967407227
8 -25.460180282592773
8 -26.87729263305664
8 -18.322458267211914
8 -19.372297286987305
8 -26.5610408782959
8 -24.11996078491211
8 -19.234966278076172
8 -18.145689010620117
8 -26.51667022705078
8 -20.770071029663086
8 -22.740123748779297
8 -22.564908981323242
8 -29.159587860107422
8 -25.808242797851563
8 -22.027538299560547
8 -19.793460845947266
8 -18.87151527404785
8 -22.298282623291016
8 -17.920663833618164
8 -23.727645874023438
8 -21.269718170166016
8 -17.782169342041016
8 -23.332868576049805
8 -21.372772216796875
8 -17.383745193481445
8 -28.454317092895508
8 -19.61838150024414
8 -26.919044494628906
8 -26.57308578491211
8 -21.001920700073242
8 -22.95536994934082
8 -21.299190521240234
8 -25.188268661499023
8 -19.606761932373047
8 -24.756450653076172
8 -26.758296966552734
8 -21.22480010986328
8 -27.861957550048828
8 -25.44087791442871
8 -22.48514175415039
8 -23.04824447631836
8 -17.137039184570313
8 -19.60988426208496
8 -20.886194229125977
8 -20.489986419677734
8 -17.32362937927246
8 -21.332792282104492
8 -17.7574520111084
8 -25.561864852905273
8 -24.561006546020508
8 -18.653884887695313
8 -22.970382690429688
8 -21.500682830810547
8 -29.092689514160156
8 -20.111085891723633
8 -17.12775993347168
8 -20.112350463867188
8 -21.16033935546875
8 -22.88034439086914
8 -24.992578506469727
9 -18.519962310791016
9 -22.003366470336914
9 -25.328670501708984
9 -20.642711639404297
9 -24.537334442138672
9 -28.14685821533203
9 -24.754331588745117
9 -24.819326400756836
9 -22.75321388244629
9 -28.664091110229492
9 -24.987024307250977
9 -22.27591896057129
9 -18.581937789916992
9 -22.200490951538086
9 -24.71150016784668
9 -17.38469123840332
9 -26.65317726135254
9 -18.09678840637207
9 -19.65810203552246
9 -22.80316162109375
9 -24.197418212890625
9 -17.519201278686523
9 -23.39408302307129
9 -29.35791778564453
9 -22.291597366333008
9 -23.170251846313477
9 -20.840280532836914
9 -25.016756057739258
9 -24.907665252685547
9 -19.47173500061035
9 -23.99846839904785
9 -26.512191772460938
9 -24.617490768432617
9 -29.00619888305664
9 -28.090167999267578
9 -27.846784591674805
9 -19.040281295776367
9 -18.683313369750977
9 -26.06591796875
9 -19.671602249145508
9 -24.535079956054688
9 -20.069080352783203
9 -16.944368362426758
9 -28.79300308227539
9 -17.4958553314209
9 -29.34479522705078
9 -21.413633346557617
9 -26.644628524780273
9 -20.480941772460938
9 -19.90312957763672
9 -19.880136489868164
9 -18.12346649169922
9 -28.500019073486328
9 -23.437376022338867
9 -22.70097541809082
9 -27.231225967407227
9 -25.460180282592773
9 -26.87729263305664
9 -18.322458267211914
9 -19.372297286987305
9 -26.5610408782959
9 -24.11996078491211
9 -19.234966278076172
9 -18.145689010620117
9 -26.51667022705078
9 -20.770071029663086
9 -22.740123748779297
9 -22.564908981323242
9 -29.159587860107422
9 -25.808242797851563
9 -22.027538299560547
9 -19.793460845947266
9 -18.87151527404785
9 -22.298282623291016
9 -17.920663833618164
9 -23.727645874023438
9 -21.269718170166016
9 -17.782169342041016
9 -23.332868576049805
9 -21.372772216796875
9 -17.383745193481445
9 -28.454317092895508
9 -19.61838150024414
9 -26.919044494628906
9 -26.57308578491211
9 -21.001920700073242
9 -22.95536994934082
9 -21.299190521240234
9 -25.188268661499023
9 -19.606761932373047
9 -24.756450653076172
9 -26.758296966552734
9 -21.22480010986328
9 -27.861957550048828
9 -25.44087791442871
9 -22.48514175415039
9 -17.137039184570313
9 -19.60988426208496
9 -20.886194229125977
9 -20.489986419677734
9 -17.32362937927246
9 -21.332792282104492
9 -17.7574520111084
9 -25.561864852905273
9 -24.561006546020508
9 -18.653884887695313
9 -22.970382690429688
9 -21.500682830810547
9 -29.092689514160156
9 -20.111085891723633
9 -17.12775993347168
9 -20.112350463867188
9 -16.86856460571289
9 -21.16033935546875
9 -22.88034439086914
9 -24.992578506469727
10 -18.519962310791016
10 -22.003366470336914
10 -25.328670501708984
10 -23.34602928161621
10 -20.642711639404297
10 -24.537334442138672
10 -28.14685821533203
10 -24.754331588745117
10 -24.819326400756836
10 -22.75321388244629
10 -28.664091110229492
10 -24.987024307250977
10 -18.31916618347168
10 -22.27591896057129
10 -18.581937789916992
10 -22.200490951538086
10 -24.71150016784668
10 -17.38469123840332
10 -26.65317726135254
10 -18.09678840637207
10 -19.65810203552246
10 -22.80316162109375
10 -24.197418212890625
10 -17.519201278686523
10 -23.39408302307129
10 -22.291597366333008
10 -23.170251846313477
10 -20.840280532836914
10 -28.90399169921875
10 -25.016756057739258
10 -24.907665252685547
10 -19.47173500061035
10 -23.99846839904785
10 -26.512191772460938
10 -24.617490768432617
10 -29.00619888305664
10 -27.846784591674805
10 -19.040281295776367
10 -18.683313369750977
10 -26.06591796875
10 -23.281291961669922
10 -19.671602249145508
10 -20.069080352783203
10 -16.944368362426758
10 -28.79300308227539
10 -17.4958553314209
10 -21.413633346557617
10 -26.644628524780273
10 -20.480941772460938
10 -19.90312957763672
10 -18.12346649169922
10 -28.500019073486328
10 -23.437376022338867
10 -22.70097541809082
10 -27.231225967407227
10 -25.460180282592773
10 -26.87729263305664
10 -18.322458267211914
10 -19.372297286987305
10 -26.5610408782959
10 -24.11996078491211
10 -19.234966278076172
10 -18.145689010620117
10 -26.51667022705078
10 -20.770071029663086
10 -22.740123748779297
10 -22.564908981323242
10 -25.808242797851563
10 -22.027538299560547
10 -19.793460845947266
10 -18.87151527404785
10 -22.298282623291016
10 -17.920663833618164
10 -23.727645874023438
10 -21.269718170166016
10 -17.782169342041016
10 -23.332868576049805
10 -21.372772216796875
10 -17.383745193481445
10 -28.454317092895508
10 -19.61838150024414
10 -26.919044494628906
10 -26.57308578491211
10 -21.001920700073242
10 -22.95536994934082
10 -21.299190521240234
10 -25.188268661499023
10 -19.606761932373047
10 -24.756450653076172
10 -26.758296966552734
10 -21.22480010986328
10 -27.861957550048828
10 -25.44087791442871
10 -22.48514175415039
10 -23.04824447631836
10 -17.137039184570313
10 -19.60988426208496
10 -20.886194229125977
10 -20.489986419677734
10 -17.32362937927246
10 -21.332792282104492
10 -17.7574520111084
10 -25.561864852905273
10 -24.561006546020508
10 -18.653884887695313
10 -22.970382690429688
10 -21.500682830810547
10 -29.092689514160156
10 -20.111085891723633
10 -17.12775993347168
10 -20.112350463867188
10 -16.86856460571289
10 -21.16033935546875
10 -22.88034439086914
10 -24.992578506469727
11 -18.519962310791016
11 -22.003366470336914
11 -25.328670501708984
11 -23.34602928161621
11 -20.642711639404297
11 -24.537334442138672
11 -28.14685821533203
11 -24.754331588745117
11 -24.819326400756836
11 -22.75321388244629
11 -28.664091110229492
11 -24.987024307250977
11 -22.27591896057129
11 -18.581937789916992
11 -22.200490951538086
11 -24.71150016784668
11 -17.38469123840332
11 -26.65317726135254
11 -18.09678840637207
11 -19.65810203552246
11 -22.80316162109375
11 -24.197418212890625
11 -17.519201278686523
11 -23.39408302307129
11 -22.291597366333008
11 -23.170251846313477
11 -20.840280532836914
11 -28.90399169921875
11 -25.016756057739258
11 -24.907665252685547
11 -19.47173500061035
11 -23.99846839904785
11 -26.512191772460938
11 -24.617490768432617
11 -29.00619888305664
11 -28.090167999267578
11 -27.846784591674805
11 -19.040281295776367
11 -18.683313369750977
11 -26.06591796875
11 -23.281291961669922
11 -19.671602249145508
11 -20.069080352783203
11 -16.944368362426758
11 -28.79300308227539
11 -17.4958553314209
11 -21.413633346557617
11 -26.644628524780273
11 -20.480941772460938
11 -19.90312957763672
11 -18.12346649169922
11 -28.500019073486328
11 -23.437376022338867
11 -22.70097541809082
11 -27.231225967407227
11 -25.460180282592773
11 -26.87729263305664
11 -18.322458267211914
11 -19.372297286987305
11 -26.5610408782959
11 -24.11996078491211
11 -19.234966278076172
11 -18.145689010620117
11 -26.51667022705078
11 -20.770071029663086
11 -22.740123748779297
11 -22.564908981323242
11 -29.159587860107422
11 -25.808242797851563
11 -22.027538299560547
11 -19.793460845947266
11 -18.87151527404785
11 -22.298282623291016
11 -17.920663833618164
11 -23.727645874023438
11 -21.269718170166016
11 -17.782169342041016
11 -23.332868576049805
11 -21.372772216796875
11 -17.383745193481445
11 -28.454317092895508
11 -19.61838150024414
11 -26.919044494628906
11 -26.57308578491211
11 -21.001920700073242
11 -22.95536994934082
11 -21.299190521240234
11 -25.188268661499023
11 -19.606761932373047
11 -24.756450653076172
11 -26.758296966552734
11 -21.22480010986328
11 -27.861957550048828
11 -25.44087791442871
11 -22.48514175415039
11 -17.137039184570313
11 -19.60988426208496
11 -20.886194229125977
11 -20.489986419677734
11 -17.32362937927246
11 -21.332792282104492
11 -17.7574520111084
11 -25.561864852905273
11 -24.561006546020508
11 -18.653884887695313
11 -22.970382690429688
11 -21.500682830810547
11 -29.092689514160156
11 -20.111085891723633
11 -17.12775993347168
11 -20.112350463867188
11 -16.86856460571289
11 -21.16033935546875
11 -22.88034439086914
11 -24.992578506469727
12 -18.519962310791016
12 -22.003366470336914
12 -25.328670501708984
12 -23.34602928161621
12 -20.642711639404297
12 -24.537334442138672
12 -28.14685821533203
12 -24.754331588745117
12 -24.819326400756836
12 -22.75321388244629
12 -28.664091110229492
12 -24.987024307250977
12 -22.27591896057129
12 -18.581937789916992
12 -22.200490951538086
12 -24.71150016784668
12 -17.38469123840332
12 -26.65317726135254
12 -18.09678840637207
12 -19.65810203552246
12 -22.80316162109375
12 -24.197418212890625
12 -17.519201278686523
12 -23.39408302307129
12 -22.291597366333008
12 -23.170251846313477
12 -20.840280532836914
12 -25.016756057739258
12 -24.907665252685547
12 -19.47173500061035
12 -23.99846839904785
12 -26.512191772460938
12 -24.617490768432617
12 -28.090167999267578
12 -27.846784591674805
12 -19.040281295776367
12 -18.683313369750977
12 -26.06591796875
12 -23.281291961669922
12 -19.671602249145508
12 -24.535079956054688
12 -20.069080352783203
12 -16.944368362426758
12 -17.4958553314209
12 -21.413633346557617
12 -26.644628524780273
12 -20.480941772460938
12 -19.90312957763672
12 -18.12346649169922
12 -28.500019073486328
12 -23.437376022338867
12 -22.70097541809082
12 -27.231225967407227
12 -25.460180282592773
12 -26.87729263305664
12 -18.322458267211914
12 -19.372297286987305
12 -26.5610408782959
12 -24.11996078491211
12 -19.234966278076172
12 -18.145689010620117
12 -26.51667022705078
12 -20.770071029663086
12 -22.740123748779297
12 -22.564908981323242
12 -25.808242797851563
12 -22.027538299560547
12 -19.793460845947266
12 -18.87151527404785
12 -22.298282623291016
12 -17.920663833618164
12 -23.727645874023438
12 -21.269718170166016
12 -17.782169342041016
12 -23.332868576049805
12 -21.372772216796875
12 -17.383745193481445
12 -28.454317092895508
12 -19.61838150024414
12 -26.919044494628906
12 -26.57308578491211
12 -21.001920700073242
12 -22.95536994934082
12 -21.299190521240234
12 -25.188268661499023
12 -19.606761932373047
12 -24.756450653076172
12 -26.758296966552734
12 -21.22480010986328
12 -27.861957550048828
12 -25.44087791442871
12 -22.48514175415039
12 -17.137039184570313
12 -19.60988426208496
12 -20.886194229125977
12 -20.489986419677734
12 -17.32362937927246
12 -21.332792282104492
12 -17.7574520111084
12 -25.561864852905273
12 -24.561006546020508
12 -18.653884887695313
12 -22.970382690429688
12 -21.500682830810547
12 -20.111085891723633
12 -17.12775993347168
12 -20.112350463867188
12 -16.86856460571289
12 -21.16033935546875
12 -22.88034439086914
12 -24.992578506469727
13 -18.519962310791016
13 -22.003366470336914
13 -25.328670501708984
13 -20.642711639404297
13 -24.537334442138672
13 -28.14685821533203
13 -25.36389923095703
13 -24.754331588745117
13 -24.819326400756836
13 -22.75321388244629
13 -28.664091110229492
13 -24.987024307250977
13 -22.27591896057129
13 -18.581937789916992
13 -22.200490951538086
13 -24.71150016784668
13 -17.38469123840332
13 -26.65317726135254
13 -18.09678840637207
13 -19.65810203552246
13 -22.80316162109375
13 -24.197418212890625
13 -17.519201278686523
13 -23.39408302307129
13 -22.291597366333008
13 -23.170251846313477
13 -20.840280532836914
13 -25.016756057739258
13 -24.907665252685547
13 -19.47173500061035
13 -23.99846839904785
13 -26.512191772460938
13 -24.617490768432617
13 -29.00619888305664
13 -28.090167999267578
13 -19.040281295776367
13 -18.683313369750977
13 -26.06591796875
13 -19.671602249145508
13 -24.535079956054688
13 -20.069080352783203
13 -28.79300308227539
13 -17.4958553314209
13 -21.413633346557617
13 -26.644628524780273
13 -20.480941772460938
13 -19.90312957763672
13 -18.12346649169922
13 -28.500019073486328
13 -23.437376022338867
13 -22.70097541809082
13 -27.231225967407227
13 -25.460180282592773
13 -26.87729263305664
13 -18.322458267211914
13 -19.372297286987305
13 -26.5610408782959
13 -24.11996078491211
13 -19.234966278076172
13 -18.145689010620117
13 -26.51667022705078
13 -20.770071029663086
13 -22.740123748779297
13 -22.564908981323242
13 -29.159587860107422
13 -22.027538299560547
13 -19.793460845947266
13 -18.87151527404785
13 -22.298282623291016
13 -17.920663833618164
13 -23.727645874023438
13 -21.269718170166016
13 -17.782169342041016
13 -23.332868576049805
13 -21.372772216796875
13 -17.383745193481445
13 -28.454317092895508
13 -19.61838150024414
13 -26.919044494628906
13 -26.57308578491211
13 -21.001920700073242
13 -22.95536994934082
13 -21.299190521240234
13 -25.188268661499023
13 -19.606761932373047
13 -24.756450653076172
13 -26.758296966552734
13 -21.22480010986328
13 -27.861957550048828
13 -25.44087791442871
13 -22.48514175415039
13 -17.137039184570313
13 -19.60988426208496
13 -20.886194229125977
13 -20.489986419677734
13 -17.32362937927246
13 -21.332792282104492
13 -19.046062469482422
13 -17.7574520111084
13 -25.561864852905273
13 -24.561006546020508
13 -18.653884887695313
13 -22.970382690429688
13 -21.500682830810547
13 -29.092689514160156
13 -20.111085891723633
13 -17.12775993347168
13 -20.112350463867188
13 -21.16033935546875
13 -22.88034439086914
13 -24.992578506469727
14 -18.519962310791016
14 -22.003366470336914
14 -25.328670501708984
14 -20.642711639404297
14 -24.537334442138672
14 -28.14685821533203
14 -25.36389923095703
14 -24.754331588745117
14 -24.819326400756836
14 -22.75321388244629
14 -28.664091110229492
14 -24.987024307250977
14 -22.27591896057129
14 -18.581937789916992
14 -22.200490951538086
14 -24.71150016784668
14 -17.38469123840332
14 -26.65317726135254
14 -18.09678840637207
14 -19.65810203552246
14 -22.80316162109375
14 -24.197418212890625
14 -17.519201278686523
14 -23.39408302307129
14 -22.291597366333008
14 -23.170251846313477
14 -20.840280532836914
14 -25.016756057739258
14 -24.907665252685547
14 -19.47173500061035
14 -23.99846839904785
14 -26.512191772460938
14 -24.617490768432617
14 -29.00619888305664
14 -28.090167999267578
14 -19.040281295776367
14 -18.683313369750977
14 -26.06591796875
14 -19.671602249145508
14 -24.535079956054688
14 -20.069080352783203
14 -16.944368362426758
14 -28.79300308227539
14 -21.413633346557617
14 -26.644628524780273
14 -20.480941772460938
14 -19.90312957763672
14 -18.12346649169922
14 -28.500019073486328
14 -23.437376022338867
14 -22.70097541809082
14 -27.231225967407227
14 -25.460180282592773
14 -26.87729263305664
14 -18.322458267211914
14 -19.372297286987305
14 -26.5610408782959
14 -24.11996078491211
14 -19.234966278076172
14 -18.145689010620117
14 -26.51667022705078
14 -20.770071029663086
14 -22.740123748779297
14 -22.564908981323242
14 -29.159587860107422
14 -22.027538299560547
14 -19.793460845947266
14 -18.87151527404785
14 -22.298282623291016
14 -17.920663833618164
14 -23.727645874023438
14 -21.269718170166016
14 -17.782169342041016
14 -23.332868576049805
14 -21.372772216796875
14 -17.383745193481445
14 -28.454317092895508
14 -19.61838150024414
14 -26.919044494628906
14 -26.57308578491211
14 -21.001920700073242
14 -22.95536994934082
14 -21.299190521240234
14 -25.188268661499023
14 -19.606761932373047
14 -24.756450653076172
14 -26.758296966552734
14 -21.22480010986328
14 -27.861957550048828
14 -25.44087791442871
14 -22.48514175415039
14 -17.137039184570313
14 -19.60988426208496
14 -20.886194229125977
14 -20.489986419677734
14 -17.32362937927246
14 -21.332792282104492
14 -19.046062469482422
14 -17.7574520111084
14 -25.561864852905273
14 -24.561006546020508
14 -18.653884887695313
14 -22.970382690429688
14 -21.500682830810547
14 -29.092689514160156
14 -20.111085891723633
14 -17.12775993347168
14 -20.112350463867188
14 -16.86856460571289
14 -21.16033935546875
14 -22.88034439086914
14 -24.992578506469727
15 -18.519962310791016
15 -22.003366470336914
15 -25.328670501708984
15 -20.642711639404297
15 -24.537334442138672
15 -28.14685821533203
15 -25.36389923095703
15 -24.754331588745117
15 -24.819326400756836
15 -22.75321388244629
15 -28.664091110229492
15 -24.987024307250977
15 -22.27591896057129
15 -18.581937789916992
15 -22.200490951538086
15 -24.71150016784668
15 -17.38469123840332
15 -26.65317726135254
15 -18.09678840637207
15 -19.65810203552246
15 -22.80316162109375
15 -24.197418212890625
15 -17.519201278686523
15 -23.39408302307129
15 -22.291597366333008
15 -23.170251846313477
15 -20.840280532836914
15 -25.016756057739258
15 -24.907665252685547
15 -19.47173500061035
15 -23.99846839904785
15 -26.512191772460938
15 -24.617490768432617
15 -29.00619888305664
15 -28.090167999267578
15 -19.040281295776367
15 -18.683313369750977
15 -26.06591796875
15 -19.671602249145508
15 -24.535079956054688
15 -20.069080352783203
15 -16.944368362426758
15 -28.79300308227539
15 -21.413633346557617
15 -26.644628524780273
15 -20.480941772460938
15 -19.90312957763672
15 -18.12346649169922
15 -28.500019073486328
15 -23.437376022338867
15 -22.70097541809082
15 -27.231225967407227
15 -26.87729263305664
15 -18.322458267211914
15 -19.372297286987305
15 -26.5610408782959
15 -24.11996078491211
15 -19.234966278076172
15 -18.145689010620117
15 -26.51667022705078
15 -20.770071029663086
15 -22.740123748779297
15 -22.564908981323242
15 -29.159587860107422
15 -22.027538299560547
15 -19.793460845947266
15 -18.87151527404785
15 -22.298282623291016
15 -17.920663833618164
15 -23.727645874023438
15 -21.269718170166016
15 -17.782169342041016
15 -23.332868576049805
15 -21.372772216796875
15 -17.383745193481445
15 -28.454317092895508
15 -19.61838150024414
15 -26.919044494628906
15 -26.57308578491211
15 -21.001920700073242
15 -22.95536994934082
15 -21.299190521240234
15 -25.188268661499023
15 -19.606761932373047
15 -24.756450653076172
15 -26.758296966552734
15 -21.22480010986328
15 -27.861957550048828
15 -25.44087791442871
15 -22.48514175415039
15 -17.137039184570313
15 -19.60988426208496
15 -20.886194229125977
15 -20.489986419677734
15 -17.32362937927246
15 -21.332792282104492
15 -19.046062469482422
15 -17.7574520111084
15 -25.561864852905273
15 -24.561006546020508
15 -18.653884887695313
15 -22.970382690429688
15 -21.500682830810547
15 -29.092689514160156
15 -20.111085891723633
15 -17.12775993347168
15 -20.112350463867188
15 -16.86856460571289
15 -21.16033935546875
15 -22.88034439086914
15 -24.992578506469727
16 -18.519962310791016
16 -22.003366470336914
16 -25.328670501708984
16 -20.642711639404297
16 -24.537334442138672
16 -28.14685821533203
16 -25.36389923095703
16 -24.754331588745117
16 -24.819326400756836
16 -22.75321388244629
16 -28.664091110229492
16 -24.987024307250977
16 -22.27591896057129
16 -18.581937789916992
16 -22.200490951538086
16 -24.71150016784668
16 -17.38469123840332
16 -26.65317726135254
16 -18.09678840637207
16 -19.65810203552246
16 -22.80316162109375
16 -24.197418212890625
16 -17.519201278686523
16 -23.39408302307129
16 -29.35791778564453
16 -22.291597366333008
16 -23.170251846313477
16 -20.840280532836914
16 -25.016756057739258
16 -24.907665252685547
16 -19.47173500061035
16 -23.99846839904785
16 -26.512191772460938
16 -24.617490768432617
16 -29.00619888305664
16 -28.090167999267578
16 -19.040281295776367
16 -18.683313369750977
16 -26.06591796875
16 -19.671602249145508
16 -24.535079956054688
16 -20.069080352783203
16 -16.944368362426758
16 -28.79300308227539
16 -20.436931610107422
16 -29.34479522705078
16 -21.413633346557617
16 -26.644628524780273
16 -20.480941772460938
16 -19.90312957763672
16 -18.12346649169922
16 -28.500019073486328
16 -23.437376022338867
16 -22.70097541809082
16 -27.231225967407227
16 -25.460180282592773
16 -26.87729263305664
16 -18.322458267211914
16 -19.372297286987305
16 -26.5610408782959
16 -24.11996078491211
16 -19.234966278076172
16 -18.145689010620117
16 -26.51667022705078
16 -20.770071029663086
16 -22.740123748779297
16 -22.564908981323242
16 -29.159587860107422
16 -22.027538299560547
16 -19.793460845947266
16 -18.87151527404785
16 -22.298282623291016
16 -17.920663833618164
16 -23.727645874023438
16 -21.269718170166016
16 -17.782169342041016
16 -23.332868576049805
16 -21.372772216796875
16 -17.383745193481445
16 -28.454317092895508
16 -19.61838150024414
16 -26.919044494628906
16 -26.57308578491211
16 -21.001920700073242
16 -22.95536994934082
16 -21.299190521240234
16 -25.188268661499023
16 -19.606761932373047
16 -24.756450653076172
16 -26.758296966552734
16 -21.22480010986328
16 -27.861957550048828
16 -25.44087791442871
16 -22.48514175415039
16 -17.137039184570313
16 -19.60988426208496
16 -20.886194229125977
16 -20.489986419677734
16 -17.32362937927246
16 -21.332792282104492
16 -19.046062469482422
16 -17.7574520111084
16 -25.561864852905273
16 -24.561006546020508
16 -18.653884887695313
16 -22.970382690429688
16 -21.500682830810547
16 -29.092689514160156
16 -20.111085891723633
16 -17.12775993347168
16 -20.112350463867188
16 -16.86856460571289
16 -21.16033935546875
16 -22.88034439086914
16 -24.992578506469727
17 -18.519962310791016
17 -22.003366470336914
17 -25.328670501708984
17 -23.34602928161621
17 -20.642711639404297
17 -24.537334442138672
17 -28.14685821533203
17 -25.36389923095703
17 -24.754331588745117
17 -24.819326400756836
17 -22.75321388244629
17 -28.664091110229492
17 -22.27591896057129
17 -18.581937789916992
17 -22.200490951538086
17 -24.71150016784668
17 -17.38469123840332
17 -26.65317726135254
17 -18.09678840637207
17 -19.65810203552246
17 -22.80316162109375
17 -24.197418212890625
17 -25.248302459716797
17 -17.519201278686523
17 -23.39408302307129
17 -22.291597366333008
17 -23.170251846313477
17 -20.840280532836914
17 -28.90399169921875
17 -25.016756057739258
17 -24.907665252685547
17 -19.47173500061035
17 -23.99846839904785
17 -26.512191772460938
17 -24.617490768432617
17 -29.00619888305664
17 -19.040281295776367
17 -18.683313369750977
17 -26.06591796875
17 -23.281291961669922
17 -19.671602249145508
17 -24.535079956054688
17 -20.069080352783203
17 -16.944368362426758
17 -28.79300308227539
17 -17.4958553314209
17 -21.413633346557617
17 -26.644628524780273
17 -20.480941772460938
17 -19.90312957763672
17 -18.12346649169922
17 -28.500019073486328
17 -23.437376022338867
17 -22.70097541809082
17 -27.231225967407227
17 -25.460180282592773
17 -26.87729263305664
17 -18.322458267211914
17 -19.372297286987305
17 -26.5610408782959
17 -24.11996078491211
17 -19.234966278076172
17 -18.145689010620117
17 -26.51667022705078
17 -20.770071029663086
17 -22.740123748779297
17 -22.564908981323242
17 -25.808242797851563
17 -22.027538299560547
17 -19.793460845947266
17 -18.87151527404785
17 -22.298282623291016
17 -17.920663833618164
17 -23.727645874023438
17 -21.269718170166016
17 -17.782169342041016
17 -23.332868576049805
17 -21.372772216796875
17 -17.383745193481445
17 -28.454317092895508
17 -19.61838150024414
17 -26.919044494628906
17 -26.57308578491211
17 -21.001920700073242
17 -22.95536994934082
17 -21.299190521240234
17 -25.188268661499023
17 -19.606761932373047
17 -24.756450653076172
17 -26.758296966552734
17 -19.223604202270508
17 -21.22480010986328
17 -27.861957550048828
17 -25.44087791442871
17 -22.48514175415039
17 -17.137039184570313
17 -19.60988426208496
17 -20.886194229125977
17 -20.489986419677734
17 -17.32362937927246
17 -21.332792282104492
17 -17.7574520111084
17 -25.561864852905273
17 -24.561006546020508
17 -18.653884887695313
17 -22.970382690429688
17 -21.500682830810547
17 -20.111085891723633
17 -17.12775993347168
17 -20.112350463867188
17 -16.86856460571289
17 -21.16033935546875
17 -22.88034439086914
17 -24.992578506469727
18 -18.519962310791016
18 -22.003366470336914
18 -25.328670501708984
18 -23.34602928161621
18 -20.642711639404297
18 -24.537334442138672
18 -28.14685821533203
18 -25.36389923095703
18 -24.754331588745117
18 -24.819326400756836
18 -22.75321388244629
18 -28.664091110229492
18 -24.987024307250977
18 -22.27591896057129
18 -18.581937789916992
18 -22.200490951538086
18 -24.71150016784668
18 -17.38469123840332
18 -26.65317726135254
18 -18.09678840637207
18 -19.65810203552246
18 -22.80316162109375
18 -24.197418212890625
18 -17.519201278686523
18 -23.39408302307129
18 -22.291597366333008
18 -23.170251846313477
18 -20.840280532836914
18 -28.90399169921875
18 -25.016756057739258
18 -24.907665252685547
18 -19.47173500061035
18 -23.99846839904785
18 -26.512191772460938
18 -24.617490768432617
18 -29.00619888305664
18 -19.040281295776367
18 -18.683313369750977
18 -26.06591796875
18 -19.671602249145508
18 -24.535079956054688
18 -20.069080352783203
18 -16.944368362426758
18 -28.79300308227539
18 -21.413633346557617
18 -26.644628524780273
18 -20.480941772460938
18 -19.90312957763672
18 -18.12346649169922
18 -28.500019073486328
18 -23.437376022338867
18 -22.70097541809082
18 -27.231225967407227
18 -25.460180282592773
18 -26.87729263305664
18 -18.322458267211914
18 -19.372297286987305
18 -26.5610408782959
18 -24.11996078491211
18 -19.234966278076172
18 -18.145689010620117
18 -26.51667022705078
18 -20.770071029663086
18 -22.740123748779297
18 -22.564908981323242
18 -29.159587860107422
18 -25.808242797851563
18 -22.027538299560547
18 -19.793460845947266
18 -18.87151527404785
18 -22.298282623291016
18 -17.920663833618164
18 -23.727645874023438
18 -21.269718170166016
18 -17.782169342041016
18 -23.332868576049805
18 -21.372772216796875
18 -17.383745193481445
18 -28.454317092895508
18 -19.61838150024414
18 -26.919044494628906
18 -26.57308578491211
18 -21.001920700073242
18 -22.95536994934082
18 -21.299190521240234
18 -25.188268661499023
18 -19.606761932373047
18 -24.756450653076172
18 -26.758296966552734
18 -21.22480010986328
18 -27.861957550048828
18 -25.44087791442871
18 -22.48514175415039
18 -17.137039184570313
18 -19.60988426208496
18 -20.886194229125977
18 -20.489986419677734
18 -17.32362937927246
18 -21.332792282104492
18 -19.046062469482422
18 -17.7574520111084
18 -25.561864852905273
18 -24.561006546020508
18 -18.653884887695313
18 -22.970382690429688
18 -21.500682830810547
18 -29.092689514160156
18 -20.111085891723633
18 -17.12775993347168
18 -20.112350463867188
18 -16.86856460571289
18 -21.16033935546875
18 -22.88034439086914
18 -24.992578506469727
19 -18.519962310791016
19 -22.003366470336914
19 -25.328670501708984
19 -23.34602928161621
19 -20.642711639404297
19 -24.537334442138672
19 -28.14685821533203
19 -25.36389923095703
19 -24.754331588745117
19 -24.819326400756836
19 -22.75321388244629
19 -28.664091110229492
19 -24.987024307250977
19 -22.27591896057129
19 -18.581937789916992
19 -22.200490951538086
19 -24.71150016784668
19 -17.38469123840332
19 -26.65317726135254
19 -18.09678840637207
19 -19.65810203552246
19 -22.80316162109375
19 -24.197418212890625
19 -17.519201278686523
19 -23.39408302307129
19 -22.291597366333008
19 -23.170251846313477
19 -20.840280532836914
19 -28.90399169921875
19 -25.016756057739258
19 -24.907665252685547
19 -19.47173500061035
19 -23.99846839904785
19 -26.512191772460938
19 -24.617490768432617
19 -29.00619888305664
19 -28.090167999267578
19 -19.040281295776367
19 -18.683313369750977
19 -26.06591796875
19 -19.671602249145508
19 -24.535079956054688
19 -20.069080352783203
19 -16.944368362426758
19 -28.79300308227539
19 -17.4958553314209
19 -21.413633346557617
19 -26.644628524780273
19 -20.480941772460938
19 -19.90312957763672
19 -18.12346649169922
19 -28.500019073486328
19 -23.437376022338867
19 -22.70097541809082
19 -27.231225967407227
19 -25.460180282592773
19 -26.87729263305664
19 -18.322458267211914
19 -19.372297286987305
19 -26.5610408782959
19 -24.11996078491211
19 -19.234966278076172
19 -18.145689010620117
19 -26.51667022705078
19 -20.770071029663086
19 -22.740123748779297
19 -22.564908981323242
19 -29.159587860107422
19 -25.808242797851563
19 -22.027538299560547
19 -19.793460845947266
19 -18.87151527404785
19 -22.298282623291016
19 -17.920663833618164
19 -23.727645874023438
19 -21.269718170166016
19 -17.782169342041016
19 -23.332868576049805
19 -21.372772216796875
19 -17.383745193481445
19 -28.454317092895508
19 -19.61838150024414
19 -26.919044494628906
19 -26.57308578491211
19 -21.001920700073242
19 -22.95536994934082
19 -21.299190521240234
19 -25.188268661499023
19 -19.606761932373047
19 -24.756450653076172
19 -26.758296966552734
19 -21.22480010986328
19 -27.861957550048828
19 -25.44087791442871
19 -22.48514175415039
19 -17.137039184570313
19 -19.60988426208496
19 -20.886194229125977
19 -20.489986419677734
19 -17.32362937927246
19 -21.332792282104492
19 -19.046062469482422
19 -17.7574520111084
19 -25.561864852905273
19 -24.561006546020508
19 -18.653884887695313
19 -22.970382690429688
19 -21.500682830810547
19 -29.092689514160156
19 -20.111085891723633
19 -17.12775993347168
19 -20.112350463867188
19 -16.86856460571289
19 -21.16033935546875
19 -22.88034439086914
19 -24.992578506469727
20 -18.519962310791016
20 -22.003366470336914
20 -25.328670501708984
20 -23.34602928161621
20 -20.642711639404297
20 -24.537334442138672
20 -28.14685821533203
20 -25.36389923095703
20 -24.754331588745117
20 -24.819326400756836
20 -22.75321388244629
20 -28.664091110229492
20 -24.987024307250977
20 -22.27591896057129
20 -18.581937789916992
20 -22.200490951538086
20 -24.71150016784668
20 -17.38469123840332
20 -26.65317726135254
20 -18.09678840637207
20 -19.65810203552246
20 -22.80316162109375
20 -24.197418212890625
20 -17.519201278686523
20 -23.39408302307129
20 -29.35791778564453
20 -22.291597366333008
20 -23.170251846313477
20 -20.840280532836914
20 -28.90399169921875
20 -25.016756057739258
20 -24.907665252685547
20 -19.47173500061035
20 -23.99846839904785
20 -26.512191772460938
20 -24.617490768432617
20 -29.00619888305664
20 -19.040281295776367
20 -18.683313369750977
20 -26.06591796875
20 -19.671602249145508
20 -24.535079956054688
20 -20.069080352783203
20 -16.944368362426758
20 -28.79300308227539
20 -20.436931610107422
20 -29.34479522705078
20 -21.413633346557617
20 -26.644628524780273
20 -20.480941772460938
20 -19.90312957763672
20 -18.12346649169922
20 -28.500019073486328
20 -23.437376022338867
20 -22.70097541809082
20 -27.231225967407227
20 -25.460180282592773
20 -26.87729263305664
20 -18.322458267211914
20 -19.372297286987305
20 -26.5610408782959
20 -24.11996078491211
20 -19.234966278076172
20 -18.145689010620117
20 -26.51667022705078
20 -20.770071029663086
20 -22.740123748779297
20 -22.564908981323242
20 -29.159587860107422
20 -22.027538299560547
20 -19.793460845947266
20 -18.87151527404785
20 -22.298282623291016
20 -17.920663833618164
20 -23.727645874023438
20 -21.269718170166016
20 -17.782169342041016
20 -23.332868576049805
20 -21.372772216796875
20 -17.383745193481445
20 -28.454317092895508
20 -19.61838150024414
20 -26.919044494628906
20 -26.57308578491211
20 -21.001920700073242
20 -22.95536994934082
20 -21.299190521240234
20 -25.188268661499023
20 -19.606761932373047
20 -24.756450653076172
20 -26.758296966552734
20 -19.223604202270508
20 -21.22480010986328
20 -27.861957550048828
20 -25.44087791442871
20 -22.48514175415039
20 -17.137039184570313
20 -19.60988426208496
20 -20.886194229125977
20 -20.489986419677734
20 -17.32362937927246
20 -21.332792282104492
20 -19.046062469482422
20 -17.7574520111084
20 -25.561864852905273
20 -24.561006546020508
20 -18.653884887695313
20 -22.970382690429688
20 -21.500682830810547
20 -29.092689514160156
20 -20.111085891723633
20 -17.12775993347168
20 -20.112350463867188
20 -16.86856460571289
20 -21.16033935546875
20 -22.88034439086914
20 -24.992578506469727
21 -18.519962310791016
21 -22.003366470336914
21 -25.328670501708984
21 -23.34602928161621
21 -20.642711639404297
21 -24.537334442138672
21 -28.14685821533203
21 -25.36389923095703
21 -24.754331588745117
21 -24.819326400756836
21 -22.75321388244629
21 -28.664091110229492
21 -24.987024307250977
21 -22.27591896057129
21 -18.581937789916992
21 -22.200490951538086
21 -24.71150016784668
21 -17.38469123840332
21 -26.65317726135254
21 -18.09678840637207
21 -19.65810203552246
21 -22.80316162109375
21 -24.197418212890625
21 -17.519201278686523
21 -23.39408302307129
21 -29.35791778564453
21 -22.291597366333008
21 -23.170251846313477
21 -20.840280532836914
21 -28.90399169921875
21 -25.016756057739258
21 -24.907665252685547
21 -19.47173500061035
21 -23.99846839904785
21 -26.512191772460938
21 -24.617490768432617
21 -29.00619888305664
21 -19.040281295776367
21 -18.683313369750977
21 -26.06591796875
21 -19.671602249145508
21 -24.535079956054688
21 -20.069080352783203
21 -16.944368362426758
21 -28.79300308227539
21 -17.4958553314209
21 -29.34479522705078
21 -21.413633346557617
21 -26.644628524780273
21 -20.480941772460938
21 -19.90312957763672
21 -18.12346649169922
21 -28.500019073486328
21 -23.437376022338867
21 -22.70097541809082
21 -27.231225967407227
21 -25.460180282592773
21 -26.87729263305664
21 -18.322458267211914
21 -19.372297286987305
21 -26.5610408782959
21 -24.11996078491211
21 -19.234966278076172
21 -18.145689010620117
21 -26.51667022705078
21 -20.770071029663086
21 -22.740123748779297
21 -22.564908981323242
21 -29.159587860107422
21 -25.808242797851563
21 -22.027538299560547
21 -19.793460845947266
21 -18.87151527404785
21 -22.298282623291016
21 -17.920663833618164
21 -23.727645874023438
21 -21.269718170166016
21 -17.782169342041016
21 -23.332868576049805
21 -21.372772216796875
21 -17.383745193481445
21 -28.454317092895508
21 -19.61838150024414
21 -26.919044494628906
21 -26.57308578491211
21 -21.001920700073242
21 -22.95536994934082
21 -21.299190521240234
21 -25.188268661499023
21 -19.606761932373047
21 -24.756450653076172
21 -26.758296966552734
21 -21.22480010986328
21 -27.861957550048828
21 -25.44087791442871
21 -22.48514175415039
21 -17.137039184570313
21 -19.60988426208496
21 -20.886194229125977
21 -20.489986419677734
21 -17.32362937927246
21 -21.332792282104492
21 -19.046062469482422
21 -17.7574520111084
21 -25.561864852905273
21 -24.561006546020508
21 -18.653884887695313
21 -22.970382690429688
21 -21.500682830810547
21 -29.092689514160156
21 -20.111085891723633
21 -17.12775993347168
21 -20.112350463867188
21 -21.16033935546875
21 -22.88034439086914
21 -24.992578506469727
22 -18.519962310791016
22 -22.003366470336914
22 -25.328670501708984
22 -23.34602928161621
22 -20.642711639404297
22 -24.537334442138672
22 -28.14685821533203
22 -24.754331588745117
22 -24.819326400756836
22 -22.75321388244629
22 -28.664091110229492
22 -24.987024307250977
22 -22.27591896057129
22 -18.581937789916992
22 -22.200490951538086
22 -24.71150016784668
22 -17.38469123840332
22 -26.65317726135254
22 -18.09678840637207
22 -19.65810203552246
22 -22.80316162109375
22 -24.197418212890625
22 -17.519201278686523
22 -23.39408302307129
22 -29.35791778564453
22 -22.291597366333008
22 -23.170251846313477
22 -20.840280532836914
22 -25.016756057739258
22 -24.907665252685547
22 -19.47173500061035
22 -23.99846839904785
22 -26.512191772460938
22 -24.617490768432617
22 -29.00619888305664
22 -28.090167999267578
22 -27.846784591674805
22 -19.040281295776367
22 -18.683313369750977
22 -26.06591796875
22 -23.281291961669922
22 -19.671602249145508
22 -24.535079956054688
22 -20.069080352783203
22 -16.944368362426758
22 -28.79300308227539
22 -17.4958553314209
22 -29.34479522705078
22 -21.413633346557617
22 -26.644628524780273
22 -20.480941772460938
22 -19.90312957763672
22 -18.12346649169922
22 -28.500019073486328
22 -23.437376022338867
22 -22.70097541809082
22 -27.231225967407227
22 -25.460180282592773
22 -26.87729263305664
22 -18.322458267211914
22 -19.372297286987305
22 -26.5610408782959
22 -24.11996078491211
22 -19.234966278076172
22 -18.145689010620117
22 -26.51667022705078
22 -20.770071029663086
22 -22.740123748779297
22 -22.564908981323242
22 -29.159587860107422
22 -25.808242797851563
22 -22.027538299560547
22 -19.793460845947266
22 -18.87151527404785
22 -22.298282623291016
22 -17.920663833618164
22 -23.727645874023438
22 -21.269718170166016
22 -17.782169342041016
22 -23.332868576049805
22 -21.372772216796875
22 -17.383745193481445
22 -28.454317092895508
22 -19.61838150024414
22 -26.919044494628906
22 -26.57308578491211
22 -21.001920700073242
22 -22.95536994934082
22 -21.299190521240234
22 -25.188268661499023
22 -19.606761932373047
22 -24.756450653076172
22 -26.758296966552734
22 -21.22480010986328
22 -27.861957550048828
22 -25.44087791442871
22 -22.48514175415039
22 -17.137039184570313
22 -19.60988426208496
22 -20.886194229125977
22 -20.489986419677734
22 -17.32362937927246
22 -21.332792282104492
22 -17.7574520111084
22 -25.561864852905273
22 -24.561006546020508
22 -18.653884887695313
22 -22.970382690429688
22 -21.500682830810547
22 -29.092689514160156
22 -20.111085891723633
22 -17.12775993347168
22 -20.112350463867188
22 -16.86856460571289
22 -21.16033935546875
22 -22.88034439086914
22 -24.992578506469727
23 -18.519962310791016
23 -22.003366470336914
23 -25.328670501708984
23 -20.642711639404297
23 -24.537334442138672
23 -28.14685821533203
23 -25.36389923095703
23 -24.754331588745117
23 -24.819326400756836
23 -22.75321388244629
23 -28.664091110229492
23 -24.987024307250977
23 -22.27591896057129
23 -18.581937789916992
23 -22.200490951538086
23 -24.71150016784668
23 -17.38469123840332
23 -26.65317726135254
23 -18.09678840637207
23 -19.65810203552246
23 -22.80316162109375
23 -24.197418212890625
23 -17.519201278686523
23 -23.39408302307129
23 -22.291597366333008
23 -23.170251846313477
23 -20.840280532836914
23 -25.016756057739258
23 -24.907665252685547
23 -19.47173500061035
23 -23.99846839904785
23 -26.512191772460938
23 -24.617490768432617
23 -29.00619888305664
23 -28.090167999267578
23 -27.846784591674805
23 -19.040281295776367
23 -18.683313369750977
23 -26.06591796875
23 -19.671602249145508
23 -24.535079956054688
23 -20.069080352783203
23 -16.944368362426758
23 -28.79300308227539
23 -17.4958553314209
23 -21.413633346557617
23 -26.644628524780273
23 -20.480941772460938
23 -19.90312957763672
23 -19.880136489868164
23 -18.12346649169922
23 -28.500019073486328
23 -23.437376022338867
23 -22.70097541809082
23 -27.231225967407227
23 -25.460180282592773
23 -26.87729263305664
23 -18.322458267211914
23 -19.372297286987305
23 -26.5610408782959
23 -24.11996078491211
23 -19.234966278076172
23 -18.145689010620117
23 -26.51667022705078
23 -20.770071029663086
23 -22.740123748779297
23 -22.564908981323242
23 -29.159587860107422
23 -25.808242797851563
23 -22.027538299560547
23 -19.793460845947266
23 -18.87151527404785
23 -22.298282623291016
23 -17.920663833618164
23 -23.727645874023438
23 -21.269718170166016
23 -17.782169342041016
23 -23.332868576049805
23 -21.372772216796875
23 -17.383745193481445
23 -28.454317092895508
23 -19.61838150024414
23 -26.919044494628906
23 -26.57308578491211
23 -21.001920700073242
23 -22.95536994934082
23 -21.299190521240234
23 -25.188268661499023
23 -19.606761932373047
23 -24.756450653076172
23 -26.758296966552734
23 -21.22480010986328
23 -27.861957550048828
23 -25.44087791442871
23 -22.48514175415039
23 -17.137039184570313
23 -19.60988426208496
23 -20.886194229125977
23 -20.489986419677734
23 -17.32362937927246
23 -21.332792282104492
23 -19.046062469482422
23 -17.7574520111084
23 -25.561864852905273
23 -24.561006546020508
23 -18.653884887695313
23 -22.970382690429688
23 -21.500682830810547
23 -29.092689514160156
23 -20.111085891723633
23 -17.12775993347168
23 -20.112350463867188
23 -16.86856460571289
23 -21.16033935546875
23 -22.88034439086914
23 -24.992578506469727
24 -18.519962310791016
24 -22.003366470336914
24 -25.328670501708984
24 -20.642711639404297
24 -24.537334442138672
24 -28.14685821533203
24 -24.754331588745117
24 -24.819326400756836
24 -22.75321388244629
24 -28.664091110229492
24 -24.987024307250977
24 -22.27591896057129
24 -18.581937789916992
24 -22.200490951538086
24 -24.71150016784668
24 -17.38469123840332
24 -26.65317726135254
24 -18.09678840637207
24 -19.65810203552246
24 -22.80316162109375
24 -24.197418212890625
24 -17.519201278686523
24 -23.39408302307129
24 -29.35791778564453
24 -22.291597366333008
24 -23.170251846313477
24 -20.840280532836914
24 -25.016756057739258
24 -24.907665252685547
24 -19.47173500061035
24 -23.99846839904785
24 -26.512191772460938
24 -24.617490768432617
24 -29.00619888305664
24 -28.090167999267578
24 -27.846784591674805
24 -19.040281295776367
24 -18.683313369750977
24 -26.06591796875
24 -23.281291961669922
24 -19.671602249145508
24 -20.069080352783203
24 -16.944368362426758
24 -28.79300308227539
24 -17.4958553314209
24 -29.34479522705078
24 -21.413633346557617
24 -26.644628524780273
24 -20.480941772460938
24 -19.90312957763672
24 -19.880136489868164
24 -18.12346649169922
24 -28.500019073486328
24 -23.437376022338867
24 -22.70097541809082
24 -27.231225967407227
24 -25.460180282592773
24 -26.87729263305664
24 -18.322458267211914
24 -19.372297286987305
24 -26.5610408782959
24 -24.11996078491211
24 -19.234966278076172
24 -18.145689010620117
24 -26.51667022705078
24 -20.770071029663086
24 -22.740123748779297
24 -22.564908981323242
24 -29.159587860107422
24 -25.808242797851563
24 -22.027538299560547
24 -19.793460845947266
24 -18.87151527404785
24 -22.298282623291016
24 -17.920663833618164
24 -23.727645874023438
24 -21.269718170166016
24 -17.782169342041016
24 -23.332868576049805
24 -21.372772216796875
24 -17.383745193481445
24 -28.454317092895508
24 -19.61838150024414
24 -26.919044494628906
24 -26.57308578491211
24 -21.001920700073242
24 -22.95536994934082
24 -21.299190521240234
24 -25.188268661499023
24 -19.606761932373047
24 -24.756450653076172
24 -26.758296966552734
24 -21.22480010986328
24 -27.861957550048828
24 -25.44087791442871
24 -22.48514175415039
24 -17.137039184570313
24 -19.60988426208496
24 -20.886194229125977
24 -20.489986419677734
24 -17.32362937927246
24 -21.332792282104492
24 -17.7574520111084
24 -25.561864852905273
24 -24.561006546020508
24 -18.653884887695313
24 -22.970382690429688
24 -21.500682830810547
24 -29.092689514160156
24 -20.111085891723633
24 -22.64043617248535
24 -17.12775993347168
24 -20.112350463867188
24 -16.86856460571289
24 -21.16033935546875
24 -22.88034439086914
24 -24.992578506469727
25 -18.519962310791016
25 -22.003366470336914
25 -25.328670501708984
25 -20.642711639404297
25 -24.537334442138672
25 -28.14685821533203
25 -25.36389923095703
25 -24.754331588745117
25 -24.819326400756836
25 -22.75321388244629
25 -28.664091110229492
25 -24.987024307250977
25 -22.27591896057129
25 -18.581937789916992
25 -22.200490951538086
25 -24.71150016784668
25 -17.38469123840332
25 -26.65317726135254
25 -18.09678840637207
25 -19.65810203552246
25 -22.80316162109375
25 -24.197418212890625
25 -17.519201278686523
25 -23.39408302307129
25 -29.35791778564453
25 -22.291597366333008
25 -23.170251846313477
25 -20.840280532836914
25 -25.016756057739258
25 -24.907665252685547
25 -19.47173500061035
25 -23.99846839904785
25 -26.512191772460938
25 -24.617490768432617
25 -29.00619888305664
25 -28.090167999267578
25 -19.040281295776367
25 -18.683313369750977
25 -26.06591796875
25 -19.671602249145508
25 -18.488462448120117
25 -24.535079956054688
25 -20.069080352783203
25 -16.944368362426758
25 -28.79300308227539
25 -29.34479522705078
25 -21.413633346557617
25 -26.644628524780273
25 -20.480941772460938
25 -19.90312957763672
25 -19.880136489868164
25 -18.12346649169922
25 -28.500019073486328
25 -23.437376022338867
25 -22.70097541809082
25 -27.231225967407227
25 -26.87729263305664
25 -18.322458267211914
25 -19.372297286987305
25 -26.5610408782959
25 -24.11996078491211
25 -19.234966278076172
25 -18.145689010620117
25 -26.51667022705078
25 -20.770071029663086
25 -22.564908981323242
25 -29.159587860107422
25 -22.027538299560547
25 -19.793460845947266
25 -18.87151527404785
25 -22.298282623291016
25 -17.920663833618164
25 -23.727645874023438
25 -21.269718170166016
25 -17.782169342041016
25 -23.332868576049805
25 -21.372772216796875
25 -17.383745193481445
25 -28.454317092895508
25 -19.61838150024414
25 -26.919044494628906
25 -26.57308578491211
25 -21.001920700073242
25 -22.95536994934082
25 -21.299190521240234
25 -25.188268661499023
25 -19.606761932373047
25 -24.756450653076172
25 -26.758296966552734
25 -21.22480010986328
25 -27.861957550048828
25 -25.44087791442871
25 -22.48514175415039
25 -17.137039184570313
25 -19.60988426208496
25 -20.886194229125977
25 -20.489986419677734
25 -17.32362937927246
25 -21.332792282104492
25 -19.046062469482422
25 -17.7574520111084
25 -25.561864852905273
25 -24.561006546020508
25 -18.653884887695313
25 -22.970382690429688
25 -21.500682830810547
25 -29.092689514160156
25 -20.111085891723633
25 -17.12775993347168
25 -20.112350463867188
25 -16.86856460571289
25 -21.16033935546875
25 -22.88034439086914
25 -24.992578506469727
