0 430 0
0 431 0
0 432 0
0 433 0
0 434 0
0 435 0
0 436 0
0 437 0
0 438 0
0 439 1
0 440 0
0 441 0
0 442 0
0 443 0
0 444 0
0 445 0
0 446 0
0 447 0
0 448 0
0 449 0
0 450 0
0 451 0
0 452 0
0 453 0
0 454 0
0 455 0
0 456 0
0 457 0
0 458 0
0 459 0
0 460 0
0 461 0
0 462 0
0 463 0
0 464 0
0 465 0
0 466 0
0 467 0
0 335 0
0 336 0
0 337 0
0 338 0
0 339 0
0 340 0
0 341 0
0 342 0
0 343 0
0 344 0
0 345 0
0 346 0
0 347 0
0 348 0
0 349 0
0 350 0
0 351 0
0 352 0
0 353 0
0 354 0
0 355 0
0 356 0
0 357 0
0 358 0
0 359 0
0 360 0
0 387 0
0 388 0
0 389 0
0 390 0
0 391 0
0 392 0
0 393 0
0 394 0
0 395 0
0 396 0
0 397 0
0 398 0
0 399 0
0 400 0
0 401 0
0 402 0
0 403 0
0 404 0
0 405 0
0 406 0
0 407 0
0 408 0
0 409 1
0 410 0
0 411 0
0 412 1
0 413 0
1 430 0
1 431 0
1 432 0
1 433 0
1 434 0
1 435 0
1 436 0
1 437 0
1 438 0
1 439 0
1 440 0
1 441 0
1 442 0
1 443 0
1 444 0
1 445 0
1 446 0
1 447 0
1 448 0
1 449 0
1 450 1
1 451 0
1 452 0
1 453 0
1 454 0
1 455 0
1 456 0
1 457 0
1 458 0
1 459 0
1 460 0
1 461 0
1 462 0
1 463 0
1 464 0
1 465 0
1 466 0
1 467 0
1 335 0
1 336 0
1 337 0
1 338 0
1 339 0
1 340 0
1 341 0
1 342 0
1 343 0
1 344 0
1 345 1
1 346 0
1 347 0
1 348 0
1 349 0
1 350 0
1 351 0
1 352 0
1 353 0
1 354 0
1 355 0
1 356 0
1 357 0
1 358 0
1 359 0
1 360 0
1 387 0
1 388 0
1 389 0
1 390 0
1 391 0
1 392 0
1 393 0
1 394 0
1 395 0
1 396 0
1 397 0
1 398 1
1 399 0
1 400 0
1 401 0
1 402 0
1 403 0
1 404 0
1 405 0
1 406 0
1 407 0
1 408 0
1 409 1
1 410 0
1 411 0
1 412 0
1 413 0
2 430 0
2 431 0
2 432 0
2 433 0
2 434 0
2 435 0
2 436 0
2 437 0
2 438 0
2 439 0
2 440 0
2 441 0
2 442 0
2 443 0
2 444 0
2 445 0
2 446 0
2 447 0
2 448 0
2 449 0
2 450 0
2 451 0
2 452 0
2 453 0
2 454 0
2 455 0
2 456 0
2 457 0
2 458 0
2 459 0
2 460 0
2 461 0
2 462 0
2 463 0
2 464 0
2 465 0
2 466 0
2 467 0
2 335 0
2 336 0
2 337 0
2 338 1
2 339 0
2 340 0
2 341 1
2 342 0
2 343 0
2 344 0
2 345 1
2 346 0
2 347 0
2 348 0
2 349 0
2 350 0
2 351 0
2 352 0
2 353 0
2 354 0
2 355 0
2 356 0
2 357 0
2 358 0
2 359 0
2 360 0
2 387 0
2 388 0
2 389 0
2 390 0
2 391 0
2 392 0
2 393 0
2 394 0
2 395 0
2 396 0
2 397 0
2 398 1
2 399 0
2 400 0
2 401 0
2 402 0
2 403 0
2 404 0
2 405 0
2 406 0
2 407 0
2 408 0
2 409 1
2 410 0
2 411 0
2 412 1
2 413 0
3 430 0
3 431 0
3 432 0
3 433 0
3 434 0
3 435 0
3 436 0
3 437 0
3 438 0
3 439 0
3 440 0
3 441 0
3 442 0
3 443 0
3 444 0
3 445 0
3 446 0
3 447 0
3 448 0
3 449 0
3 450 0
3 451 0
3 452 0
3 453 0
3 454 1
3 455 0
3 456 0
3 457 0
3 458 1
3 459 0
3 460 0
3 461 0
3 462 0
3 463 0
3 464 0
3 465 0
3 466 0
3 467 0
3 335 0
3 336 0
3 337 0
3 338 0
3 339 0
3 340 0
3 341 1
3 342 0
3 343 0
3 344 0
3 345 0
3 346 0
3 347 0
3 348 0
3 349 0
3 350 0
3 351 0
3 352 0
3 353 0
3 354 0
3 355 0
3 356 0
3 357 0
3 358 0
3 359 0
3 360 0
3 387 0
3 388 0
3 389 0
3 390 0
3 391 0
3 392 0
3 393 0
3 394 0
3 395 0
3 396 0
3 397 0
3 398 0
3 399 0
3 400 0
3 401 0
3 402 1
3 403 0
3 404 0
3 405 0
3 406 0
3 407 0
3 408 0
3 409 1
3 410 0
3 411 0
3 412 1
3 413 0
4 430 0
4 431 0
4 432 0
4 433 0
4 434 0
4 435 0
4 436 0
4 437 0
4 438 0
4 439 0
4 440 0
4 441 0
4 442 0
4 443 0
4 444 0
4 445 0
4 446 0
4 447 0
4 448 0
4 449 0
4 450 0
4 451 0
4 452 0
4 453 0
4 454 0
4 455 0
4 456 0
4 457 0
4 458 0
4 459 0
4 460 0
4 461 0
4 462 0
4 463 0
4 464 0
4 465 0
4 466 0
4 467 1
4 335 0
4 336 0
4 337 0
4 338 1
4 339 0
4 340 0
4 341 0
4 342 0
4 343 0
4 344 0
4 345 1
4 346 0
4 347 0
4 348 0
4 349 0
4 350 0
4 351 0
4 352 0
4 353 0
4 354 0
4 355 0
4 356 0
4 357 0
4 358 0
4 359 0
4 360 0
4 387 0
4 388 0
4 389 0
4 390 0
4 391 0
4 392 0
4 393 0
4 394 0
4 395 0
4 396 0
4 397 0
4 398 0
4 399 0
4 400 0
4 401 0
4 402 0
4 403 0
4 404 0
4 405 1
4 406 0
4 407 0
4 408 0
4 409 0
4 410 0
4 411 0
4 412 0
4 413 0
5 430 0
5 431 0
5 432 0
5 433 0
5 434 0
5 435 0
5 436 0
5 437 0
5 438 0
5 439 0
5 440 1
5 441 1
5 442 1
5 443 0
5 444 0
5 445 0
5 446 0
5 447 0
5 448 0
5 449 0
5 450 0
5 451 0
5 452 0
5 453 0
5 454 0
5 455 0
5 456 0
5 457 0
5 458 0
5 459 0
5 460 0
5 461 0
5 462 0
5 463 0
5 464 0
5 465 0
5 466 0
5 467 0
5 335 0
5 336 0
5 337 1
5 338 0
5 339 0
5 340 0
5 341 2
5 342 0
5 343 0
5 344 0
5 345 0
5 346 0
5 347 0
5 348 0
5 349 0
5 350 0
5 351 0
5 352 0
5 353 0
5 354 0
5 355 0
5 356 0
5 357 0
5 358 0
5 359 0
5 360 0
5 387 0
5 388 0
5 389 0
5 390 0
5 391 0
5 392 0
5 393 0
5 394 0
5 395 0
5 396 0
5 397 0
5 398 0
5 399 0
5 400 0
5 401 0
5 402 0
5 403 0
5 404 0
5 405 0
5 406 0
5 407 0
5 408 1
5 409 0
5 410 0
5 411 0
5 412 1
5 413 0
6 430 0
6 431 0
6 432 0
6 433 0
6 434 0
6 435 0
6 436 0
6 437 0
6 438 0
6 439 0
6 440 0
6 441 0
6 442 0
6 443 0
6 444 0
6 445 0
6 446 0
6 447 0
6 448 0
6 449 0
6 450 1
6 451 0
6 452 2
6 453 0
6 454 2
6 455 0
6 456 0
6 457 0
6 458 0
6 459 0
6 460 0
6 461 0
6 462 0
6 463 0
6 464 0
6 465 0
6 466 0
6 467 0
6 335 0
6 336 0
6 337 0
6 338 1
6 339 0
6 340 0
6 341 1
6 342 0
6 343 0
6 344 0
6 345 0
6 346 0
6 347 0
6 348 0
6 349 0
6 350 0
6 351 0
6 352 0
6 353 0
6 354 0
6 355 0
6 356 0
6 357 0
6 358 0
6 359 0
6 360 0
6 387 0
6 388 0
6 389 0
6 390 0
6 391 0
6 392 0
6 393 0
6 394 0
6 395 0
6 396 0
6 397 0
6 398 0
6 399 0
6 400 0
6 401 0
6 402 2
6 403 0
6 404 0
6 405 0
6 406 2
6 407 0
6 408 0
6 409 0
6 410 0
6 411 0
6 412 0
6 413 0
7 430 0
7 431 0
7 432 0
7 433 0
7 434 0
7 435 0
7 436 0
7 437 0
7 438 0
7 439 0
7 440 0
7 441 0
7 442 0
7 443 0
7 444 0
7 445 0
7 446 0
7 447 1
7 448 0
7 449 0
7 450 0
7 451 0
7 452 0
7 453 0
7 454 0
7 455 0
7 456 0
7 457 0
7 458 0
7 459 0
7 460 0
7 461 0
7 462 0
7 463 0
7 464 0
7 465 0
7 466 0
7 467 0
7 335 0
7 336 0
7 337 0
7 338 0
7 339 0
7 340 0
7 341 0
7 342 0
7 343 0
7 344 0
7 345 0
7 346 0
7 347 0
7 348 0
7 349 0
7 350 0
7 351 0
7 352 0
7 353 0
7 354 0
7 355 0
7 356 0
7 357 0
7 358 0
7 359 0
7 360 0
7 387 0
7 388 0
7 389 0
7 390 0
7 391 0
7 392 0
7 393 0
7 394 0
7 395 0
7 396 0
7 397 0
7 398 0
7 399 0
7 400 0
7 401 1
7 402 1
7 403 0
7 404 0
7 405 0
7 406 1
7 407 0
7 408 0
7 409 1
7 410 0
7 411 0
7 412 1
7 413 0
8 430 0
8 431 0
8 432 0
8 433 0
8 434 0
8 435 0
8 436 0
8 437 0
8 438 0
8 439 0
8 440 0
8 441 0
8 442 0
8 443 0
8 444 0
8 445 0
8 446 0
8 447 0
8 448 0
8 449 0
8 450 1
8 451 0
8 452 0
8 453 0
8 454 1
8 455 0
8 456 0
8 457 0
8 458 0
8 459 0
8 460 0
8 461 0
8 462 0
8 463 0
8 464 0
8 465 0
8 466 0
8 467 0
8 335 0
8 336 0
8 337 0
8 338 0
8 339 0
8 340 0
8 341 0
8 342 0
8 343 0
8 344 0
8 345 0
8 346 0
8 347 0
8 348 0
8 349 0
8 350 0
8 351 0
8 352 0
8 353 0
8 354 0
8 355 0
8 356 0
8 357 0
8 358 0
8 359 0
8 360 0
8 387 0
8 388 0
8 389 0
8 390 0
8 391 0
8 392 0
8 393 0
8 394 0
8 395 0
8 396 0
8 397 0
8 398 0
8 399 0
8 400 0
8 401 0
8 402 1
8 403 0
8 404 0
8 405 1
8 406 1
8 407 0
8 408 0
8 409 0
8 410 0
8 411 0
8 412 0
8 413 0
9 430 0
9 431 0
9 432 0
9 433 0
9 434 0
9 435 0
9 436 0
9 437 0
9 438 0
9 439 0
9 440 0
9 441 0
9 442 0
9 443 0
9 444 0
9 445 0
9 446 0
9 447 1
9 448 0
9 449 0
9 450 0
9 451 0
9 452 0
9 453 0
9 454 0
9 455 0
9 456 0
9 457 0
9 458 0
9 459 0
9 460 0
9 461 0
9 462 0
9 463 0
9 464 0
9 465 0
9 466 0
9 467 0
9 335 0
9 336 0
9 337 0
9 338 0
9 339 0
9 340 0
9 341 0
9 342 0
9 343 0
9 344 0
9 345 0
9 346 0
9 347 0
9 348 0
9 349 0
9 350 0
9 351 0
9 352 0
9 353 0
9 354 0
9 355 0
9 356 0
9 357 0
9 358 0
9 359 0
9 360 0
9 387 0
9 388 0
9 389 0
9 390 0
9 391 0
9 392 0
9 393 0
9 394 0
9 395 0
9 396 0
9 397 0
9 398 0
9 399 0
9 400 0
9 401 0
9 402 1
9 403 0
9 404 0
9 405 1
9 406 1
9 407 0
9 408 0
9 409 0
9 410 0
9 411 0
9 412 0
9 413 0
10 430 0
10 431 0
10 432 0
10 433 0
10 434 0
10 435 0
10 436 0
10 437 0
10 438 0
10 439 0
10 440 0
10 441 0
10 442 0
10 443 0
10 444 0
10 445 0
10 446 0
10 447 0
10 448 0
10 449 0
10 450 1
10 451 0
10 452 0
10 453 0
10 454 1
10 455 0
10 456 0
10 457 0
10 458 0
10 459 0
10 460 0
10 461 0
10 462 0
10 463 0
10 464 0
10 465 0
10 466 0
10 467 0
10 335 1
10 336 0
10 337 0
10 338 0
10 339 0
10 340 0
10 341 0
10 342 0
10 343 0
10 344 0
10 345 0
10 346 0
10 347 0
10 348 0
10 349 0
10 350 0
10 351 0
10 352 0
10 353 0
10 354 0
10 355 0
10 356 0
10 357 0
10 358 0
10 359 0
10 360 0
10 387 0
10 388 0
10 389 0
10 390 0
10 391 0
10 392 0
10 393 0
10 394 0
10 395 0
10 396 0
10 397 0
10 398 0
10 399 0
10 400 0
10 401 0
10 402 0
10 403 0
10 404 1
10 405 0
10 406 0
10 407 0
10 408 0
10 409 0
10 410 0
10 411 0
10 412 0
10 413 0
11 430 0
11 431 0
11 432 0
11 433 0
11 434 0
11 435 0
11 436 0
11 437 0
11 438 0
11 439 0
11 440 0
11 441 0
11 442 1
11 443 0
11 444 1
11 445 0
11 446 0
11 447 1
11 448 0
11 449 0
11 450 1
11 451 0
11 452 0
11 453 0
11 454 0
11 455 0
11 456 0
11 457 0
11 458 1
11 459 0
11 460 0
11 461 0
11 462 0
11 463 0
11 464 0
11 465 0
11 466 0
11 467 0
11 335 0
11 336 0
11 337 0
11 338 0
11 339 0
11 340 0
11 341 0
11 342 0
11 343 0
11 344 0
11 345 1
11 346 0
11 347 0
11 348 0
11 349 0
11 350 0
11 351 0
11 352 0
11 353 0
11 354 0
11 355 0
11 356 0
11 357 0
11 358 0
11 359 0
11 360 0
11 387 0
11 388 0
11 389 0
11 390 0
11 391 0
11 392 0
11 393 0
11 394 0
11 395 0
11 396 0
11 397 0
11 398 0
11 399 0
11 400 0
11 401 0
11 402 0
11 403 0
11 404 0
11 405 0
11 406 0
11 407 0
11 408 0
11 409 0
11 410 0
11 411 0
11 412 0
11 413 0
12 430 0
12 431 0
12 432 0
12 433 0
12 434 0
12 435 0
12 436 0
12 437 0
12 438 0
12 439 0
12 440 0
12 441 0
12 442 0
12 443 0
12 444 0
12 445 0
12 446 0
12 447 0
12 448 0
12 449 0
12 450 0
12 451 0
12 452 0
12 453 0
12 454 0
12 455 0
12 456 0
12 457 0
12 458 0
12 459 0
12 460 0
12 461 0
12 462 0
12 463 0
12 464 0
12 465 0
12 466 0
12 467 0
12 335 0
12 336 0
12 337 0
12 338 0
12 339 0
12 340 0
12 341 1
12 342 0
12 343 0
12 344 0
12 345 1
12 346 0
12 347 0
12 348 0
12 349 0
12 350 0
12 351 0
12 352 0
12 353 0
12 354 0
12 355 0
12 356 0
12 357 0
12 358 0
12 359 0
12 360 0
12 387 0
12 388 0
12 389 0
12 390 0
12 391 0
12 392 0
12 393 0
12 394 0
12 395 0
12 396 0
12 397 0
12 398 0
12 399 0
12 400 0
12 401 0
12 402 0
12 403 0
12 404 0
12 405 1
12 406 0
12 407 0
12 408 0
12 409 0
12 410 0
12 411 0
12 412 0
12 413 0
13 430 0
13 431 0
13 432 0
13 433 0
13 434 0
13 435 0
13 436 0
13 437 0
13 438 0
13 439 0
13 440 0
13 441 0
13 442 1
13 443 0
13 444 0
13 445 0
13 446 0
13 447 1
13 448 0
13 449 0
13 450 1
13 451 0
13 452 0
13 453 0
13 454 0
13 455 0
13 456 0
13 457 0
13 458 0
13 459 0
13 460 0
13 461 0
13 462 0
13 463 0
13 464 0
13 465 0
13 466 0
13 467 0
13 335 0
13 336 0
13 337 0
13 338 0
13 339 0
13 340 0
13 341 0
13 342 0
13 343 0
13 344 0
13 345 1
13 346 0
13 347 0
13 348 0
13 349 0
13 350 0
13 351 0
13 352 0
13 353 0
13 354 0
13 355 0
13 356 0
13 357 0
13 358 0
13 359 0
13 360 0
13 387 0
13 388 0
13 389 0
13 390 0
13 391 0
13 392 0
13 393 0
13 394 0
13 395 0
13 396 0
13 397 0
13 398 0
13 399 0
13 400 0
13 401 0
13 402 0
13 403 0
13 404 0
13 405 2
13 406 0
13 407 0
13 408 0
13 409 0
13 410 0
13 411 0
13 412 0
13 413 0
14 430 0
14 431 1
14 432 0
14 433 0
14 434 0
14 435 0
14 436 0
14 437 0
14 438 0
14 439 0
14 440 0
14 441 0
14 442 0
14 443 0
14 444 0
14 445 0
14 446 0
14 447 2
14 448 0
14 449 0
14 450 0
14 451 0
14 452 0
14 453 0
14 454 0
14 455 0
14 456 0
14 457 0
14 458 0
14 459 0
14 460 0
14 461 0
14 462 0
14 463 0
14 464 0
14 465 0
14 466 0
14 467 0
14 335 0
14 336 0
14 337 0
14 338 0
14 339 0
14 340 0
14 341 0
14 342 0
14 343 0
14 344 0
14 345 1
14 346 0
14 347 0
14 348 0
14 349 0
14 350 0
14 351 0
14 352 0
14 353 0
14 354 0
14 355 0
14 356 0
14 357 0
14 358 0
14 359 0
14 360 0
14 387 0
14 388 0
14 389 0
14 390 0
14 391 0
14 392 0
14 393 0
14 394 0
14 395 0
14 396 0
14 397 0
14 398 0
14 399 0
14 400 0
14 401 0
14 402 0
14 403 0
14 404 0
14 405 1
14 406 0
14 407 0
14 408 0
14 409 0
14 410 0
14 411 0
14 412 0
14 413 0
15 430 0
15 431 0
15 432 0
15 433 0
15 434 0
15 435 0
15 436 0
15 437 0
15 438 0
15 439 1
15 440 0
15 441 0
15 442 0
15 443 0
15 444 0
15 445 0
15 446 0
15 447 0
15 448 0
15 449 0
15 450 0
15 451 0
15 452 0
15 453 0
15 454 1
15 455 0
15 456 0
15 457 0
15 458 0
15 459 0
15 460 0
15 461 0
15 462 0
15 463 0
15 464 0
15 465 0
15 466 0
15 467 0
15 335 0
15 336 0
15 337 0
15 338 0
15 339 0
15 340 0
15 341 0
15 342 0
15 343 0
15 344 0
15 345 0
15 346 0
15 347 0
15 348 0
15 349 0
15 350 0
15 351 0
15 352 0
15 353 0
15 354 0
15 355 0
15 356 0
15 357 0
15 358 0
15 359 0
15 360 0
15 387 0
15 388 0
15 389 0
15 390 0
15 391 0
15 392 0
15 393 0
15 394 0
15 395 0
15 396 0
15 397 0
15 398 1
15 399 0
15 400 0
15 401 0
15 402 2
15 403 0
15 404 2
15 405 0
15 406 2
15 407 0
15 408 0
15 409 0
15 410 0
15 411 0
15 412 0
15 413 0
16 430 0
16 431 0
16 432 0
16 433 0
16 434 0
16 435 0
16 436 0
16 437 0
16 438 0
16 439 0
16 440 0
16 441 0
16 442 0
16 443 0
16 444 0
16 445 0
16 446 0
16 447 0
16 448 0
16 449 0
16 450 0
16 451 0
16 452 0
16 453 0
16 454 0
16 455 1
16 456 0
16 457 0
16 458 0
16 459 0
16 460 0
16 461 0
16 462 0
16 463 0
16 464 0
16 465 0
16 466 0
16 467 0
16 335 0
16 336 0
16 337 0
16 338 0
16 339 0
16 340 0
16 341 0
16 342 0
16 343 0
16 344 0
16 345 0
16 346 0
16 347 0
16 348 0
16 349 0
16 350 0
16 351 0
16 352 0
16 353 0
16 354 0
16 355 0
16 356 0
16 357 0
16 358 0
16 359 0
16 360 0
16 387 0
16 388 0
16 389 0
16 390 0
16 391 0
16 392 0
16 393 0
16 394 0
16 395 0
16 396 0
16 397 0
16 398 0
16 399 0
16 400 0
16 401 0
16 402 2
16 403 0
16 404 0
16 405 2
16 406 2
16 407 0
16 408 0
16 409 0
16 410 0
16 411 0
16 412 0
16 413 0
17 430 0
17 431 0
17 432 0
17 433 0
17 434 0
17 435 0
17 436 0
17 437 0
17 438 0
17 439 1
17 440 0
17 441 0
17 442 0
17 443 0
17 444 0
17 445 0
17 446 0
17 447 0
17 448 0
17 449 0
17 450 0
17 451 0
17 452 1
17 453 0
17 454 1
17 455 0
17 456 0
17 457 0
17 458 0
17 459 0
17 460 0
17 461 0
17 462 0
17 463 0
17 464 0
17 465 0
17 466 0
17 467 0
17 335 0
17 336 0
17 337 0
17 338 0
17 339 0
17 340 0
17 341 1
17 342 0
17 343 0
17 344 0
17 345 0
17 346 0
17 347 0
17 348 0
17 349 0
17 350 0
17 351 0
17 352 0
17 353 0
17 354 0
17 355 0
17 356 0
17 357 0
17 358 0
17 359 0
17 360 0
17 387 0
17 388 0
17 389 0
17 390 0
17 391 0
17 392 0
17 393 0
17 394 0
17 395 0
17 396 0
17 397 0
17 398 0
17 399 0
17 400 0
17 401 0
17 402 2
17 403 0
17 404 0
17 405 2
17 406 1
17 407 0
17 408 0
17 409 0
17 410 0
17 411 0
17 412 0
17 413 0
18 430 0
18 431 0
18 432 0
18 433 0
18 434 0
18 435 0
18 436 0
18 437 0
18 438 0
18 439 0
18 440 0
18 441 0
18 442 0
18 443 0
18 444 0
18 445 0
18 446 0
18 447 0
18 448 0
18 449 0
18 450 0
18 451 0
18 452 0
18 453 0
18 454 0
18 455 1
18 456 0
18 457 0
18 458 0
18 459 0
18 460 0
18 461 0
18 462 0
18 463 0
18 464 0
18 465 0
18 466 0
18 467 0
18 335 0
18 336 0
18 337 0
18 338 0
18 339 0
18 340 0
18 341 1
18 342 0
18 343 0
18 344 0
18 345 1
18 346 0
18 347 0
18 348 0
18 349 0
18 350 0
18 351 0
18 352 0
18 353 0
18 354 0
18 355 0
18 356 0
18 357 0
18 358 0
18 359 0
18 360 0
18 387 0
18 388 0
18 389 0
18 390 0
18 391 0
18 392 0
18 393 0
18 394 0
18 395 0
18 396 0
18 397 0
18 398 0
18 399 0
18 400 0
18 401 0
18 402 1
18 403 0
18 404 0
18 405 1
18 406 1
18 407 0
18 408 0
18 409 0
18 410 0
18 411 0
18 412 0
18 413 0
19 430 0
19 431 0
19 432 0
19 433 0
19 434 0
19 435 0
19 436 0
19 437 0
19 438 0
19 439 0
19 440 0
19 441 0
19 442 0
19 443 0
19 444 0
19 445 0
19 446 0
19 447 1
19 448 0
19 449 0
19 450 0
19 451 0
19 452 1
19 453 0
19 454 1
19 455 0
19 456 0
19 457 0
19 458 0
19 459 0
19 460 0
19 461 0
19 462 0
19 463 0
19 464 0
19 465 0
19 466 0
19 467 0
19 335 0
19 336 0
19 337 0
19 338 0
19 339 0
19 340 0
19 341 0
19 342 0
19 343 0
19 344 0
19 345 0
19 346 0
19 347 0
19 348 0
19 349 0
19 350 0
19 351 0
19 352 0
19 353 0
19 354 0
19 355 0
19 356 0
19 357 0
19 358 0
19 359 0
19 360 0
19 387 0
19 388 0
19 389 0
19 390 0
19 391 0
19 392 0
19 393 0
19 394 0
19 395 0
19 396 0
19 397 0
19 398 0
19 399 0
19 400 0
19 401 0
19 402 3
19 403 0
19 404 1
19 405 1
19 406 3
19 407 0
19 408 0
19 409 0
19 410 0
19 411 0
19 412 0
19 413 0
20 430 0
20 431 0
20 432 0
20 433 0
20 434 0
20 435 0
20 436 0
20 437 0
20 438 0
20 439 0
20 440 0
20 441 0
20 442 0
20 443 0
20 444 0
20 445 0
20 446 0
20 447 1
20 448 0
20 449 0
20 450 0
20 451 0
20 452 1
20 453 0
20 454 2
20 455 0
20 456 0
20 457 0
20 458 0
20 459 0
20 460 0
20 461 0
20 462 0
20 463 0
20 464 0
20 465 0
20 466 0
20 467 0
20 335 0
20 336 0
20 337 0
20 338 0
20 339 0
20 340 0
20 341 1
20 342 0
20 343 0
20 344 0
20 345 0
20 346 0
20 347 0
20 348 0
20 349 0
20 350 0
20 351 0
20 352 0
20 353 0
20 354 0
20 355 0
20 356 0
20 357 0
20 358 0
20 359 0
20 360 0
20 387 0
20 388 0
20 389 0
20 390 0
20 391 0
20 392 0
20 393 0
20 394 0
20 395 0
20 396 0
20 397 0
20 398 0
20 399 0
20 400 0
20 401 1
20 402 2
20 403 0
20 404 1
20 405 0
20 406 2
20 407 0
20 408 0
20 409 1
20 410 0
20 411 0
20 412 1
20 413 0
21 430 0
21 431 0
21 432 0
21 433 0
21 434 0
21 435 0
21 436 0
21 437 0
21 438 0
21 439 0
21 440 0
21 441 0
21 442 1
21 443 0
21 444 1
21 445 0
21 446 0
21 447 1
21 448 0
21 449 0
21 450 1
21 451 0
21 452 0
21 453 0
21 454 0
21 455 0
21 456 0
21 457 0
21 458 1
21 459 0
21 460 0
21 461 0
21 462 0
21 463 0
21 464 0
21 465 0
21 466 0
21 467 0
21 335 0
21 336 0
21 337 0
21 338 0
21 339 0
21 340 0
21 341 0
21 342 0
21 343 0
21 344 0
21 345 0
21 346 0
21 347 0
21 348 0
21 349 0
21 350 0
21 351 0
21 352 0
21 353 0
21 354 0
21 355 0
21 356 0
21 357 0
21 358 0
21 359 0
21 360 0
21 387 0
21 388 0
21 389 0
21 390 0
21 391 0
21 392 0
21 393 0
21 394 0
21 395 0
21 396 0
21 397 0
21 398 0
21 399 0
21 400 0
21 401 0
21 402 1
21 403 0
21 404 0
21 405 1
21 406 1
21 407 0
21 408 0
21 409 0
21 410 0
21 411 0
21 412 0
21 413 0
22 430 0
22 431 0
22 432 0
22 433 0
22 434 0
22 435 0
22 436 0
22 437 0
22 438 0
22 439 0
22 440 0
22 441 0
22 442 0
22 443 0
22 444 0
22 445 0
22 446 0
22 447 1
22 448 0
22 449 0
22 450 0
22 451 0
22 452 0
22 453 0
22 454 1
22 455 1
22 456 0
22 457 0
22 458 0
22 459 0
22 460 0
22 461 0
22 462 0
22 463 0
22 464 0
22 465 0
22 466 0
22 467 0
22 335 0
22 336 0
22 337 0
22 338 0
22 339 0
22 340 0
22 341 0
22 342 0
22 343 0
22 344 0
22 345 0
22 346 0
22 347 0
22 348 0
22 349 0
22 350 0
22 351 0
22 352 0
22 353 0
22 354 0
22 355 0
22 356 0
22 357 0
22 358 0
22 359 0
22 360 0
22 387 0
22 388 0
22 389 0
22 390 0
22 391 0
22 392 0
22 393 0
22 394 0
22 395 0
22 396 0
22 397 0
22 398 0
22 399 0
22 400 0
22 401 0
22 402 1
22 403 0
22 404 0
22 405 1
22 406 2
22 407 0
22 408 0
22 409 0
22 410 0
22 411 0
22 412 0
22 413 0
23 430 0
23 431 0
23 432 0
23 433 0
23 434 0
23 435 0
23 436 0
23 437 0
23 438 0
23 439 0
23 440 0
23 441 0
23 442 0
23 443 0
23 444 0
23 445 0
23 446 0
23 447 1
23 448 0
23 449 0
23 450 0
23 451 0
23 452 0
23 453 0
23 454 0
23 455 0
23 456 0
23 457 0
23 458 0
23 459 0
23 460 0
23 461 0
23 462 0
23 463 0
23 464 0
23 465 0
23 466 0
23 467 0
23 335 1
23 336 0
23 337 0
23 338 0
23 339 0
23 340 0
23 341 1
23 342 0
23 343 0
23 344 0
23 345 0
23 346 0
23 347 0
23 348 0
23 349 0
23 350 0
23 351 0
23 352 0
23 353 0
23 354 0
23 355 0
23 356 0
23 357 0
23 358 0
23 359 0
23 360 0
23 387 0
23 388 0
23 389 0
23 390 0
23 391 0
23 392 0
23 393 0
23 394 0
23 395 0
23 396 0
23 397 0
23 398 0
23 399 0
23 400 0
23 401 0
23 402 0
23 403 0
23 404 0
23 405 2
23 406 1
23 407 0
23 408 0
23 409 1
23 410 0
23 411 0
23 412 0
23 413 0
24 430 0
24 431 0
24 432 0
24 433 0
24 434 0
24 435 0
24 436 0
24 437 0
24 438 0
24 439 0
24 440 0
24 441 0
24 442 0
24 443 0
24 444 0
24 445 0
24 446 0
24 447 0
24 448 0
24 449 0
24 450 0
24 451 0
24 452 0
24 453 0
24 454 2
24 455 0
24 456 0
24 457 0
24 458 0
24 459 0
24 460 0
24 461 0
24 462 0
24 463 0
24 464 0
24 465 0
24 466 0
24 467 0
24 335 0
24 336 0
24 337 0
24 338 0
24 339 0
24 340 0
24 341 0
24 342 0
24 343 0
24 344 0
24 345 0
24 346 0
24 347 0
24 348 0
24 349 0
24 350 0
24 351 0
24 352 0
24 353 0
24 354 0
24 355 0
24 356 0
24 357 0
24 358 0
24 359 0
24 360 0
24 387 0
24 388 0
24 389 0
24 390 0
24 391 0
24 392 0
24 393 0
24 394 0
24 395 0
24 396 0
24 397 0
24 398 0
24 399 0
24 400 0
24 401 0
24 402 0
24 403 0
24 404 0
24 405 0
24 406 0
24 407 0
24 408 0
24 409 0
24 410 0
24 411 0
24 412 0
24 413 0
25 430 0
25 431 0
25 432 0
25 433 0
25 434 0
25 435 0
25 436 0
25 437 0
25 438 0
25 439 0
25 440 0
25 441 0
25 442 0
25 443 0
25 444 0
25 445 0
25 446 0
25 447 0
25 448 0
25 449 0
25 450 0
25 451 0
25 452 1
25 453 0
25 454 2
25 455 0
25 456 0
25 457 0
25 458 0
25 459 0
25 460 0
25 461 0
25 462 0
25 463 0
25 464 0
25 465 0
25 466 0
25 467 0
25 335 0
25 336 0
25 337 0
25 338 0
25 339 0
25 340 0
25 341 0
25 342 0
25 343 0
25 344 0
25 345 0
25 346 0
25 347 0
25 348 0
25 349 0
25 350 0
25 351 0
25 352 0
25 353 0
25 354 0
25 355 0
25 356 0
25 357 0
25 358 0
25 359 0
25 360 0
25 387 0
25 388 0
25 389 0
25 390 0
25 391 0
25 392 0
25 393 0
25 394 0
25 395 0
25 396 0
25 397 0
25 398 0
25 399 0
25 400 0
25 401 0
25 402 0
25 403 0
25 404 1
25 405 0
25 406 0
25 407 0
25 408 0
25 409 0
25 410 0
25 411 0
25 412 0
25 413 0
